,skill,group,feature_0,feature_1,normal_learning_aware-1_score,admitted,skillcut,skillround,testcut,testround
0,0.979045918237748,A,0.828865256039406,0.9651352114517028,0.21304478393617501,False,0.9,0.9777777777777779,0.58,0.95
1,1.0555377423386152,A,-0.8448260172210147,8.282064133299404,0.006320696684062257,False,0.915,1.0555555555555556,0.985,8.3
2,0.7532011502841703,A,-4.430608121239823,6.385637004622586,-0.43657312990214464,False,0.8300000000000001,0.7555555555555555,0.9650000000000001,6.4
3,0.593526980829655,A,0.8147187695374412,-0.817884088626184,0.2112974966337527,False,0.77,0.5888888888888889,0.39,-0.8
4,-0.7136862138332013,A,-1.0386345716614072,6.99885315669752,-0.01761734801894527,False,0.16499999999999998,-0.7111111111111111,0.975,7.0
5,-0.4025531791232593,A,-6.976845050820338,2.6111994445191913,-0.7510687083906231,False,0.28500000000000003,-0.4,0.745,2.6
6,0.7768213219202801,A,-1.6932223604086327,-5.746806662229839,-0.09846801941638991,False,0.8400000000000001,0.7777777777777778,0.034999999999999996,-5.75
7,0.5688301322872736,A,1.5692698237899805,-1.8854073511460179,0.30449501786573735,True,0.76,0.5666666666666667,0.27,-1.9
8,-0.2418814884664408,A,-3.123116456040235,4.346569289969259,-0.2750797736324465,False,0.365,-0.24444444444444446,0.875,4.35
9,0.5265409041367763,A,0.5606204534776009,4.3519056867288874,0.17991283011909603,False,0.745,0.5222222222222223,0.875,4.35
10,1.5673307975337876,A,1.612430533113503,5.0767908362683265,0.30982596412960706,True,0.985,1.5666666666666667,0.915,5.1
11,-1.0435066914425313,A,-3.658396249085208,0.9509852921894304,-0.341194252694144,False,0.06999999999999999,-1.0444444444444445,0.58,0.95
12,0.4381278025851758,A,-3.09018320744184,8.215323870694181,-0.27101206062854966,False,0.7,0.43333333333333335,0.985,8.2
13,0.4887345611568018,A,-1.6014751084069982,1.5131509123647127,-0.08713596121011143,False,0.725,0.48888888888888893,0.64,1.5
14,-0.20448281994291365,A,-2.1678665913591106,-0.2537681962941317,-0.1570931655113301,False,0.385,-0.2,0.45499999999999996,-0.25
15,-0.9059165531833157,A,-2.865022764995613,3.3595427830372584,-0.24320162288915434,False,0.11000000000000001,-0.911111111111111,0.805,3.35
16,0.19683324843541403,A,-0.6626596851344592,-2.4483011507858126,0.028820765442441314,False,0.58,0.2,0.215,-2.45
17,-0.5539509585598518,A,0.9746177973110618,-1.480625837185237,0.23104724444991323,False,0.24,-0.5555555555555556,0.31,-1.5
18,-0.5571824450161734,A,-3.388411640128505,-2.8705472851778855,-0.30784740865523813,False,0.24,-0.5555555555555556,0.185,-2.85
19,-0.09371061451258811,A,-3.690733275461213,-0.33667533389629867,-0.34518832398365057,False,0.445,-0.08888888888888889,0.45,-0.35
20,-0.99033468749629,A,2.471365759332312,-1.113444457188697,0.415916378464427,True,0.09,-0.9888888888888889,0.36,-1.1
21,-0.22431478254957568,A,-4.3559209124593075,-0.12241665925443787,-0.42734822366571373,False,0.375,-0.2222222222222222,0.475,-0.1
22,0.11978553113899787,A,-0.7316806859610998,1.110709767394316,0.02029571448168715,False,0.55,0.12222222222222223,0.595,1.1
23,0.6126569644211171,A,1.90550231480074,5.452721189210958,0.3460243942323239,True,0.78,0.6111111111111112,0.93,5.45
24,-0.1563446285143419,A,0.07359920120987634,-0.8298794729831043,0.11975895021548674,False,0.4,-0.15555555555555556,0.39,-0.85
25,-0.25150806743491555,A,0.1335086702833957,-0.5875059320089413,0.1271586006228501,False,0.36,-0.25555555555555554,0.42000000000000004,-0.6
26,0.43950489695878175,A,0.043012267655027914,9.927259527181969,0.11598103966412829,False,0.705,0.4444444444444444,1.0,9.95
27,-0.29239138925727176,A,-1.1679268720729625,5.129846063453574,-0.03358674047400528,False,0.335,-0.2888888888888889,0.915,5.15
28,-0.2739562533249547,A,-1.926888174079381,4.950193997286468,-0.1273289884761191,False,0.35,-0.2777777777777778,0.9099999999999999,4.95
29,0.09446461219834183,A,-1.9505322366336861,3.9234754987375497,-0.13024935815752928,False,0.53,0.1,0.845,3.9
30,0.8956173736503151,A,1.1593184387355118,3.359721483979005,0.25386033556376536,False,0.875,0.8999999999999999,0.805,3.35
31,0.30323876695993807,A,-0.5372737155693774,3.1069687916439777,0.04430767185503728,False,0.64,0.30000000000000004,0.79,3.1
32,0.5132823287146975,A,0.13872806069589078,-4.304807202991676,0.12780326773456516,False,0.74,0.5111111111111111,0.08499999999999999,-4.3
33,-0.49256191307216296,A,2.1634557166694046,4.441138383699204,0.3778852173164985,True,0.255,-0.48888888888888893,0.885,4.45
34,-1.3051687954978424,A,-0.10774279548087784,-1.0917011621526216,0.09736069831246755,False,0.034999999999999996,-1.2999999999999998,0.365,-1.1
35,-0.0327062625586791,A,-0.7195285068546701,0.5959331149280126,0.02179667715863719,False,0.475,-0.03333333333333333,0.54,0.6
36,0.8618683734960229,A,-2.2488974401457082,5.279284407806622,-0.16710159927823479,False,0.865,0.8666666666666667,0.9199999999999999,5.3
37,-0.6697392260087665,A,0.9386124598515262,0.9839911777673316,0.22660008586012909,False,0.18,-0.6666666666666666,0.58,1.0
38,-0.13133262325822687,A,-0.4689207173989635,0.5123797592782151,0.0527502152221888,False,0.42000000000000004,-0.13333333333333333,0.5349999999999999,0.5
39,0.9742216278111611,A,-0.9657645894270537,-0.8002376183243489,-0.008616894466881794,False,0.9,0.9777777777777779,0.395,-0.8
40,-0.48840123746635933,A,-5.4901959021085105,2.4153785146726623,-0.5674469178958332,False,0.255,-0.48888888888888893,0.73,2.4
41,-1.871061228996593,A,-2.426146536867507,-3.776260480021655,-0.18899432126434865,False,0.005,-1.8666666666666667,0.12,-3.8
42,0.3384811033520845,A,-1.6179150746780815,-0.6256306469760556,-0.08916652507582647,False,0.655,0.3333333333333333,0.41500000000000004,-0.65
43,-0.3296228170540332,A,-0.6276748717518622,0.13836286479457216,0.03314187515350184,False,0.32,-0.3333333333333333,0.5,0.15
44,0.9220132100023056,A,0.6151877906460984,-0.48427350727400864,0.18665265313792634,False,0.885,0.9222222222222223,0.43,-0.5
45,0.23687192167189963,A,2.1637931630296827,2.981525271937479,0.37792689662255663,True,0.605,0.23333333333333334,0.78,3.0
46,0.6840732780414907,A,1.5192133342148693,-1.5932846926470325,0.2983123470925895,True,0.805,0.6888888888888889,0.3,-1.6
47,0.09920985628330227,A,-2.0644046146470703,-1.2073095408657768,-0.14431417631373988,False,0.5349999999999999,0.1,0.34500000000000003,-1.2
48,0.2797690499585325,A,-2.127768764869116,2.3613506303197496,-0.15214052776124487,False,0.625,0.2777777777777778,0.73,2.35
49,-0.1452819282585729,A,-2.011415917106799,-3.9979056005748643,-0.1377693371855822,False,0.41500000000000004,-0.14444444444444446,0.11000000000000001,-4.0
50,0.5121805902006353,A,-1.956167139373591,3.2627434332012366,-0.13094534680506048,False,0.74,0.5111111111111111,0.8,3.25
51,-1.0495328166002267,A,-1.6061413863751421,3.0984078557788157,-0.08771231126297992,False,0.065,-1.0444444444444445,0.79,3.1
52,0.49805237660915735,A,-2.0313064618025534,2.3233413069156614,-0.14022609534813574,False,0.73,0.5,0.72,2.3
53,-1.3839134437633753,A,-2.772081741226483,3.816030987661162,-0.23172211731132916,False,0.025,-1.3888888888888888,0.835,3.8
54,0.9643550502099414,A,0.10980868640007357,4.927309894677419,0.12423132388164716,False,0.8949999999999999,0.9666666666666666,0.905,4.95
55,0.43927071030966464,A,-0.14805419401768122,4.653010829835616,0.09238168145224149,False,0.705,0.4444444444444444,0.8949999999999999,4.65
56,-2.1762021317202525,A,-1.5973552447699193,-3.430381723835485,-0.08662710090619216,False,0.0,-2.177777777777778,0.145,-3.45
57,-0.05584584253511587,A,-3.5506743051523353,-0.9680811834767961,-0.32788909845672837,False,0.465,-0.05555555555555555,0.38,-0.95
58,0.6013340988424517,A,-0.9247542996888908,-0.7668263620076753,-0.0035515548492883573,False,0.77,0.6000000000000001,0.395,-0.75
59,0.3183644099395957,A,-2.79477617665085,-0.4602975153039065,-0.23452519487034945,False,0.645,0.3222222222222222,0.43499999999999994,-0.45
60,0.6076005793665549,A,-0.6519139938367065,1.381272450375715,0.030148007366272062,False,0.78,0.6111111111111112,0.62,1.4
61,-0.059812613404980154,A,-1.6201115220305922,-2.016603237919862,-0.08943781678977591,False,0.45999999999999996,-0.05555555555555555,0.25,-2.0
62,1.12036346590662,A,2.732297889040917,0.995742313693004,0.4481451157534026,True,0.925,1.1222222222222222,0.585,1.0
63,-0.19808155579068187,A,-1.0307261119306403,-2.705484518457192,-0.01664054354757579,False,0.39,-0.2,0.195,-2.7
64,0.6606376087284188,A,-0.9369935112117965,-1.5232696414325413,-0.005063267236859939,False,0.795,0.6555555555555556,0.31,-1.5
65,-0.601579704006116,A,0.3974940509020979,3.544813533551905,0.15976445674946654,False,0.22000000000000003,-0.6000000000000001,0.8150000000000001,3.55
66,-1.8753952521183197,A,-3.516045350592032,-1.3339871026794388,-0.32361194224617573,False,0.005,-1.8777777777777775,0.32999999999999996,-1.35
67,0.11046047617380413,A,-0.8029565525177509,-0.11445497972317716,0.01149215632706776,False,0.54,0.1111111111111111,0.48,-0.1
68,-0.24077793665120809,A,-4.618966649574125,2.534025128993225,-0.4598380207862361,False,0.365,-0.24444444444444446,0.74,2.55
69,-0.08229994239573715,A,-3.9376594191834102,0.5169485841360888,-0.37568712773269336,False,0.45,-0.07777777777777778,0.5349999999999999,0.5
70,-1.342707860970589,A,-5.301085647841715,1.0930197476542376,-0.544089178432233,False,0.03,-1.3444444444444443,0.595,1.1
71,-1.0037953382557243,A,0.5367072309548984,-0.5814808127745054,0.1769592154481942,False,0.08499999999999999,-1.0,0.42000000000000004,-0.6
72,1.2576042408039358,A,1.9384602057324738,2.3237135923019943,0.35009515090619064,True,0.95,1.2555555555555555,0.725,2.3
73,-0.26947161534156316,A,-2.816335453622733,-2.0142292972068665,-0.23718806461522535,False,0.35,-0.26666666666666666,0.25,-2.0
74,0.4241598057279254,A,2.8919378063993517,3.1947854008995513,0.4678628598392859,True,0.7,0.4222222222222222,0.795,3.2
75,-1.0094659997585456,A,-2.1656405399206395,-0.22459017470566067,-0.1568182172821398,False,0.08499999999999999,-1.011111111111111,0.45999999999999996,-0.2
76,-0.37293416657239487,A,-0.3991305311164307,-3.080208137364355,0.06137027125576451,False,0.3,-0.37777777777777777,0.16999999999999998,-3.1
77,-0.23155849624760166,A,-2.786952725180938,-1.9182023016298437,-0.2335588900983061,False,0.37,-0.23333333333333334,0.265,-1.9
78,0.8897208136150582,A,1.4614938868266298,-3.454058913426907,0.2911831947401452,True,0.8699999999999999,0.8888888888888888,0.13999999999999999,-3.45
79,0.1491017577478363,A,-1.4901328971858931,1.00054460063116,-0.07338365374753106,False,0.5599999999999999,0.14444444444444446,0.585,1.0
80,0.5004878901350761,A,-2.3064184030060537,1.2961791572549308,-0.17420623603839636,False,0.735,0.5,0.605,1.3
81,-0.16785794677128574,A,0.41857972530972143,-4.306688185384995,0.1623688300085323,False,0.395,-0.16666666666666666,0.08499999999999999,-4.3
82,-0.08698737081806097,A,2.1109972704059876,1.2759567070675466,0.3714058715759047,True,0.45,-0.08888888888888889,0.605,1.3
83,1.5801249977266585,A,1.548599082340458,-1.8905545463603242,0.301941894582342,True,0.99,1.5777777777777777,0.265,-1.9
84,-0.18086213730621603,A,1.901076038996465,2.7370655592107176,0.34547768777565324,True,0.395,-0.17777777777777778,0.76,2.75
85,-0.0078588673575381,A,-2.5256392299218278,-1.5096381078352807,-0.20128304887409634,False,0.49000000000000005,-0.011111111111111112,0.31,-1.5
86,0.2819321321335579,A,1.599457414166866,2.824685103535942,0.3082236039955113,True,0.63,0.2777777777777778,0.765,2.8
87,-0.40193848274404526,A,-1.9709645309818105,6.311308230439329,-0.13277302991651163,False,0.29,-0.4,0.96,6.3
88,1.4708715622186646,A,0.03279531943496572,5.4831252985850485,0.11471910484434518,False,0.9800000000000001,1.4666666666666666,0.93,5.5
89,-0.02817908869584259,A,-0.8056517987037171,3.416609018521681,0.011159256038576563,False,0.48,-0.03333333333333333,0.8099999999999999,3.4
90,-0.597918752277043,A,-2.1795080662076027,2.3415660006955425,-0.15853104912868016,False,0.225,-0.6000000000000001,0.73,2.35
91,0.45840698265080565,A,0.10311697740062353,-4.515356090537427,0.12340480500258695,False,0.71,0.4555555555555555,0.075,-4.5
92,-1.0473367492189711,A,-0.7145623895951989,-2.2128820464748706,0.022410061522917975,False,0.06999999999999999,-1.0444444444444445,0.22999999999999998,-2.2
93,0.23347515524397844,A,-0.2753956947065135,1.8830491259205706,0.07665323982158652,False,0.6,0.23333333333333334,0.675,1.9
94,0.2209369381654427,A,-3.138225754683711,1.7322093156110483,-0.27694598158907135,False,0.5900000000000001,0.2222222222222222,0.6599999999999999,1.75
95,1.1060167551120585,A,0.788076488170603,2.85803984339476,0.20800680534207586,False,0.925,1.1111111111111112,0.765,2.85
96,-0.7369655593378951,A,-3.879143959399154,-4.277877863351198,-0.36845965680821785,False,0.16,-0.7333333333333333,0.09,-4.3
97,-0.010157000664541126,A,-1.366457391704476,0.9555248499633248,-0.05810801337433093,False,0.49000000000000005,-0.011111111111111112,0.58,0.95
98,0.2143686245637904,A,-0.6555465563722906,-2.3751185886509525,0.02969933550751761,False,0.585,0.2111111111111111,0.22000000000000003,-2.4
99,1.3070057073122903,A,0.8102413119627725,0.47946896281544593,0.2107444685185195,False,0.96,1.3111111111111111,0.53,0.5
100,-0.2657470571180531,A,-2.627532695859653,1.5394738796626108,-0.213868305234977,False,0.355,-0.26666666666666666,0.64,1.55
101,0.30728121796693775,A,-2.9644418415153613,7.086546390448004,-0.25548125783578113,False,0.64,0.3111111111111111,0.975,7.1
102,-0.9190912157597947,A,-1.2338996095340655,1.8063520758905365,-0.04173528862805169,False,0.10500000000000001,-0.9222222222222223,0.67,1.8
103,0.2842786118594458,A,0.6474308345486823,-4.292204157868856,0.1906351162883776,False,0.63,0.2888888888888889,0.08499999999999999,-4.3
104,0.06203048829828347,A,0.4015175356205163,1.7987508003808677,0.16026141292010346,False,0.52,0.06666666666666667,0.665,1.8
105,0.32587433830930573,A,-2.9996587381506,5.414386600100852,-0.2598310330476633,False,0.65,0.3222222222222222,0.925,5.4
106,1.0291546426746325,A,3.4140432938395255,1.4244978104162787,0.5323501294240366,True,0.9099999999999999,1.0333333333333334,0.625,1.4
107,-0.6397084607026226,A,-0.7862309659197644,-1.5697259026516028,0.013557998264863981,False,0.2,-0.6444444444444444,0.305,-1.55
108,-0.01089473543370059,A,-0.722540435698485,7.717968367212752,0.021424662169341684,False,0.485,-0.011111111111111112,0.9800000000000001,7.7
109,1.2608826080293825,A,-1.6613027327624605,4.738679109769473,-0.09452550265956415,False,0.95,1.2555555555555555,0.9,4.75
110,-0.8031079346540273,A,-0.8873642626329528,-0.5573715383996208,0.0010666333471848332,False,0.135,-0.8,0.425,-0.55
111,0.1654012081311755,A,-1.880356109878433,4.356027768834663,-0.1215816331223692,False,0.5650000000000001,0.16666666666666666,0.875,4.35
112,0.02727307431300083,A,-1.5461343914004573,2.927640360294408,-0.08030061505408555,False,0.505,0.022222222222222223,0.77,2.95
113,-0.8345475756797549,A,-0.058372320652710474,-3.9144938066094,0.10345863674897171,False,0.13,-0.8333333333333334,0.11499999999999999,-3.9
114,0.5320025750418718,A,3.4344921787559306,1.3164492731805524,0.5348758503483217,True,0.75,0.5333333333333333,0.615,1.3
115,-1.0096758829170667,A,-0.24201253369863818,9.180534370319402,0.08077652324858302,False,0.08499999999999999,-1.011111111111111,0.9949999999999999,9.2
116,0.40816593283597585,A,-1.5334939369680094,-0.6131445249660563,-0.07873934360172904,False,0.6900000000000001,0.41111111111111115,0.42000000000000004,-0.6
117,-0.4387483512975553,A,-2.084431024675642,-0.13381848966852578,-0.14678771572942212,False,0.275,-0.43333333333333335,0.475,-0.15
118,-0.7500900334541085,A,0.08577893811085646,-0.14101658023005192,0.12126331666230528,False,0.15,-0.7555555555555555,0.47000000000000003,-0.15
119,0.7555052877115978,A,2.8476406400184855,1.3831985304102568,0.4623915453655593,True,0.8300000000000001,0.7555555555555555,0.62,1.4
120,0.6434274589462905,A,-0.7986174624709894,0.11644011258648546,0.012028094133371853,False,0.79,0.6444444444444444,0.495,0.1
121,0.12925078979370797,A,0.20180520360459794,-1.9223076483564343,0.13559416979792593,False,0.55,0.13333333333333333,0.26,-1.9
122,0.40834869828587805,A,0.1640087034588382,-2.4006913494028703,0.13092577777199654,False,0.6900000000000001,0.41111111111111115,0.215,-2.4
123,1.32910469316613,A,1.2137180124496358,3.5854261992272285,0.2605794374690106,False,0.9650000000000001,1.3333333333333333,0.82,3.6
124,-0.38701005054654936,A,-0.7147117200331412,-1.3971274561092932,0.022391617142538046,False,0.29500000000000004,-0.3888888888888889,0.32,-1.4
125,-0.11963254480348925,A,-0.9697214783319316,-1.114475215439018,-0.009105625130826422,False,0.43,-0.12222222222222223,0.36,-1.1
126,-0.07419861878117175,A,1.8966498263824043,4.571232909417596,0.3449309891238505,True,0.45,-0.07777777777777778,0.89,4.55
127,0.26105689246093666,A,1.588041014152159,-2.108467322907043,0.3068135202420435,True,0.615,0.25555555555555554,0.24,-2.1
128,-0.34143832645374933,A,-3.7368498920292588,0.24331327064107594,-0.3508843657922533,False,0.315,-0.34444444444444444,0.515,0.25
129,1.1852511759296964,A,2.3091351230199586,5.7755761044415745,0.39587864465305966,True,0.9400000000000001,1.1888888888888889,0.945,5.8
130,0.7081247009630725,A,0.9630760867854296,5.974933341084725,0.22962168311022152,False,0.8099999999999999,0.7111111111111111,0.95,5.95
131,0.6680463233356772,A,-1.1757972541682586,-0.8768833122243486,-0.03455884182923671,False,0.8,0.6666666666666666,0.39,-0.9
132,-0.7709020408080898,A,-0.13757357510264734,0.41893327831863214,0.09367618326010897,False,0.145,-0.7666666666666667,0.53,0.4
133,0.3450823437192105,A,-2.070191092394311,5.930128633089076,-0.14502888657710453,False,0.6599999999999999,0.34444444444444444,0.95,5.95
134,0.09711466050339693,A,-4.066594197443107,6.972379642532329,-0.39161236124297294,False,0.5349999999999999,0.1,0.97,6.95
135,0.623810192310139,A,4.98212470903622,3.3863499257536898,0.7260299343393483,True,0.7849999999999999,0.6222222222222222,0.805,3.4
136,0.155892359935232,A,-2.195704371769314,2.261567268782433,-0.16053151751708178,False,0.5599999999999999,0.15555555555555556,0.7150000000000001,2.25
137,-0.7416706501289306,A,0.32386534622449215,-2.5474768591154064,0.1506702904517702,False,0.16,-0.7444444444444445,0.205,-2.55
138,-0.012598355544890558,A,-0.34358655810400485,5.689113666037657,0.06823072234778804,False,0.485,-0.011111111111111112,0.945,5.7
139,0.6602414504240934,A,2.7588740788426467,-3.8107433201170604,0.45142764382006273,True,0.795,0.6555555555555556,0.12,-3.8
140,0.9638869033346843,A,-0.6845220177435457,2.9585004265673414,0.02612046412282494,False,0.8949999999999999,0.9666666666666666,0.78,2.95
141,-0.825535163682928,A,-0.6940123577224998,-3.076566950152029,0.024948275499268525,False,0.13,-0.8222222222222223,0.16999999999999998,-3.1
142,-0.5142465993435412,A,-0.47148308752132206,0.36248285298880767,0.05243372697061611,False,0.25,-0.5111111111111111,0.525,0.35
143,-0.8669232985059824,A,0.653809552251002,4.576322783785774,0.19142297640088338,False,0.12,-0.8666666666666667,0.8949999999999999,4.6
144,-0.11360403167653703,A,-2.5577001882849064,-1.2837925505422842,-0.20524302193479363,False,0.43,-0.1111111111111111,0.335,-1.3
145,0.2312839890383996,A,0.12140538373157694,8.599619764385087,0.1256636768545607,False,0.595,0.23333333333333334,0.99,8.6
146,-0.28381850913839546,A,-3.048611713902941,1.2048712902627692,-0.2658774045573646,False,0.33999999999999997,-0.2888888888888889,0.6,1.2
147,-0.2552324238655009,A,-2.843614043468833,1.1673066378463675,-0.24055734883003427,False,0.355,-0.25555555555555554,0.6,1.15
148,1.2348892832344756,A,4.38928340731663,5.001738431637578,0.6528058105470342,True,0.945,1.2333333333333334,0.9099999999999999,5.0
149,-0.28707185620432585,A,-1.580626436106336,-3.966925333545916,-0.08456086099860294,False,0.33999999999999997,-0.2888888888888889,0.11000000000000001,-3.95
150,0.7984065934487997,A,-1.7529549463866143,5.580051809122263,-0.10584582230799001,False,0.85,0.8,0.9400000000000001,5.6
151,0.3661895025497673,A,-1.1064674258862468,-1.5425800998186585,-0.02599564639414013,False,0.665,0.36666666666666664,0.305,-1.55
152,-0.4493684128963796,A,1.2466690406690315,3.573697925098283,0.26464934650271393,False,0.27,-0.4444444444444444,0.82,3.55
153,-0.3834449169743256,A,-2.026040226988223,-3.224993531391376,-0.13957564230303682,False,0.3,-0.3888888888888889,0.155,-3.2
154,-0.3281727180982679,A,1.7312357292706126,1.6835649049421355,0.3245000537474271,True,0.32,-0.3333333333333333,0.655,1.7
155,0.1719951576613983,A,-0.00930194630805159,-1.8780530287696837,0.10951950861320633,False,0.5700000000000001,0.16666666666666666,0.27,-1.9
156,-0.6417995348278388,A,0.9875969122104432,2.0315018890622025,0.23265034516734012,False,0.2,-0.6444444444444444,0.6900000000000001,2.05
157,0.40408033760726864,A,-2.2101029311647706,1.8915399852226462,-0.1623099393182379,False,0.6849999999999999,0.4,0.6799999999999999,1.9
158,0.698734737537567,A,-0.18532386691743186,1.4521893414906857,0.0877783598985735,False,0.805,0.7,0.63,1.45
159,0.9372549119881325,A,2.3771322935112114,4.359432042622061,0.40427723836631213,True,0.89,0.9333333333333333,0.875,4.35
160,1.4185686196257645,A,-0.40721505390416746,0.9967347128129321,0.06037172055476929,False,0.97,1.4222222222222223,0.585,1.0
161,-0.1990073549542114,A,-4.4263064718632465,-0.33370962644895164,-0.4360418165379308,False,0.385,-0.2,0.45,-0.35
162,-0.6691346531695083,A,-3.1440071707953967,2.998420124011412,-0.2776600666702373,False,0.18,-0.6666666666666666,0.7849999999999999,3.0
163,-0.07409697219786325,A,2.7241599186320755,-3.1854210504223945,0.44713996352985347,True,0.45499999999999996,-0.07777777777777778,0.16,-3.2
164,0.30247516566568977,A,-2.3350363360982302,-0.06942466216140392,-0.17774094772151197,False,0.64,0.30000000000000004,0.485,-0.05
165,0.6656986614884396,A,0.4161859986711333,7.650180664908026,0.16207317156638174,False,0.8,0.6666666666666666,0.9800000000000001,7.65
166,-0.41102619298355303,A,-1.3194340186767062,0.21591081901680975,-0.05229997456574905,False,0.28500000000000003,-0.41111111111111115,0.51,0.2
167,-0.6548277447399959,A,-1.3879950558048995,7.072904870124023,-0.060768213629799346,False,0.195,-0.6555555555555556,0.975,7.05
168,1.324487959141809,A,-0.3270745442912242,-3.6008152611406476,0.07027018508424114,False,0.96,1.3222222222222222,0.13,-3.6
169,1.457404066164021,A,1.1912894863825836,-1.0977491147628784,0.25780920340392555,False,0.9800000000000001,1.4555555555555555,0.365,-1.1
170,0.37576970169909707,A,4.852102366806452,0.29816930904844635,0.7099703715936636,True,0.67,0.37777777777777777,0.52,0.3
171,-1.3655668516029154,A,-5.618858034561214,-3.87771204339189,-0.5833384758672042,False,0.03,-1.3666666666666667,0.12,-3.9
172,-0.15268933942128632,A,-0.2735931840621287,0.6208593479708389,0.07687587488796695,False,0.40499999999999997,-0.15555555555555556,0.54,0.6
173,-0.04365140313173542,A,0.3019297681792999,1.1126130626856297,0.14796094230484091,False,0.47000000000000003,-0.044444444444444446,0.595,1.1
174,0.49891224487322233,A,-0.47493569717288714,2.695130498282297,0.05200728178908198,False,0.735,0.5,0.755,2.7
175,1.3498115227421996,A,0.7991811493030306,-0.8575022488521595,0.20937838501959496,False,0.9650000000000001,1.3444444444444443,0.39,-0.85
176,-0.6046312090376248,A,0.8514705777510049,-0.3843188644410327,0.21583685471561292,False,0.22000000000000003,-0.6000000000000001,0.44000000000000006,-0.4
177,-0.22579327711511085,A,0.4097169147127807,8.388976192749604,0.16127414996782696,False,0.375,-0.2222222222222222,0.99,8.4
178,1.0896712516094123,A,-4.819732628780405,1.4237837225224879,-0.48463540395108046,False,0.9199999999999999,1.088888888888889,0.625,1.4
179,-0.9958967798004787,A,-4.555266869119269,1.4343265783808687,-0.4519702143496059,False,0.09,-1.0,0.63,1.45
180,0.22172883398598636,A,1.3474783454420873,-0.6357263474862713,0.2771006939218431,False,0.595,0.2222222222222222,0.41,-0.65
181,0.9729601114191638,A,2.9898915977520466,5.762911316963325,0.47996151174348267,True,0.9,0.9777777777777779,0.945,5.75
182,0.4069368036202254,A,-2.6476046643110718,1.826096978522232,-0.21634747174780086,False,0.6900000000000001,0.41111111111111115,0.67,1.85
183,-1.3794256415991213,A,-2.1459450575314087,2.6504490910852403,-0.15438555202006174,False,0.025,-1.3777777777777778,0.75,2.65
184,0.030271262652180955,A,-1.25255285718025,3.241543037573503,-0.04403922344300314,False,0.505,0.03333333333333333,0.8,3.25
185,0.41215710005175166,A,-1.6944959619478792,8.812963218286118,-0.09862532687203,False,0.6950000000000001,0.41111111111111115,0.9949999999999999,8.8
186,0.14014476078860771,A,-0.6429961674269117,-2.1021394365556674,0.03124948262296402,False,0.5549999999999999,0.14444444444444446,0.24,-2.1
187,1.4317614851191631,A,1.3972414351981899,4.260344901775124,0.2832471257477289,False,0.975,1.4333333333333333,0.8699999999999999,4.25
188,-0.06438918220406487,A,-0.8454231925188479,-2.180263007308012,0.006246937251635038,False,0.45999999999999996,-0.06666666666666667,0.23500000000000001,-2.2
189,0.8756299352429738,A,-0.39394894144665893,3.2919986348742527,0.062010269451436464,False,0.8699999999999999,0.8777777777777778,0.8,3.3
190,1.0303038144364833,A,1.2245382136677734,-1.8528832515256528,0.26191588240150177,False,0.9099999999999999,1.0333333333333334,0.275,-1.85
191,0.9151250241575477,A,2.525438299224599,-2.689951582811537,0.42259508715653904,True,0.885,0.911111111111111,0.195,-2.7
192,0.7155558010231695,A,-0.3900381838197464,4.250364798799088,0.06249330226268655,False,0.8150000000000001,0.7111111111111111,0.8699999999999999,4.25
193,1.3267545058116939,A,1.0010150803823663,-4.688743581738425,0.2343076750538326,False,0.96,1.3222222222222222,0.065,-4.7
194,-0.5088703649816223,A,-1.067102640353741,8.053022857201709,-0.02113354936997989,False,0.25,-0.5111111111111111,0.9800000000000001,8.05
195,-0.1612650374434903,A,-0.7374431636243916,0.8947981435552443,0.019583968561584404,False,0.4,-0.16666666666666666,0.5700000000000001,0.9
196,0.7555412948276412,A,2.2458934348077375,-1.361512345570752,0.3880674189623824,True,0.8300000000000001,0.7555555555555555,0.325,-1.35
197,1.3476327817842708,A,-2.4898926108291812,1.3771502790588401,-0.1968678455911869,False,0.9650000000000001,1.3444444444444443,0.62,1.4
198,-0.7514185253624914,A,-2.048406529164466,2.18989133958636,-0.14233819085452787,False,0.15,-0.7555555555555555,0.705,2.2
199,0.40888943617099194,A,-1.6771704703946289,-0.7055305222794602,-0.09648538835125206,False,0.6900000000000001,0.41111111111111115,0.40499999999999997,-0.7
200,0.5160036325614233,A,0.3325282786134192,8.212863155892654,0.15174028276136686,False,0.745,0.5111111111111111,0.985,8.2
201,-0.8990992903595538,A,-2.395089114665706,-2.62280436941847,-0.1851582988391592,False,0.11000000000000001,-0.8999999999999999,0.2,-2.6
202,0.21641053418229908,A,-2.1983734298909057,-0.35573430199476685,-0.16086118321638007,False,0.5900000000000001,0.2111111111111111,0.445,-0.35
203,1.0112745480927932,A,3.5736689749927937,9.25436277098095,0.5520661151411179,True,0.905,1.011111111111111,0.9949999999999999,9.25
204,0.7496445526707112,A,-0.39275882436818166,1.8110937847423678,0.06215726541819687,False,0.825,0.7444444444444445,0.67,1.8
205,0.4781259422505458,A,-2.51535186074334,-1.9635882816504442,-0.20001241608917084,False,0.72,0.47777777777777775,0.26,-1.95
206,0.927931691413033,A,3.6638607470457023,2.32350423641366,0.5632060499983794,True,0.885,0.9333333333333333,0.72,2.3
207,-0.4883720602856442,A,-1.9897074421808125,-0.6612081701340133,-0.13508803942391812,False,0.255,-0.48888888888888893,0.41,-0.65
208,-0.054449148402518986,A,0.10852546121006815,0.15467929703956243,0.12407282777165309,False,0.465,-0.05555555555555555,0.5,0.15
209,-1.012428470882862,A,-1.5986414144947156,-0.4834830768917676,-0.0867859607070752,False,0.08,-1.011111111111111,0.43,-0.5
210,-0.0719213512434412,A,-2.604291827080515,-1.0888255594376264,-0.210997735577316,False,0.45499999999999996,-0.06666666666666667,0.37,-1.1
211,-0.27834543611888796,A,0.3826517589008579,-3.047418617043113,0.1579312278166846,False,0.34500000000000003,-0.2777777777777778,0.175,-3.05
212,1.5283065091805608,A,-1.3287388655569219,-1.2553169952433236,-0.05344925221872153,False,0.985,1.5333333333333334,0.335,-1.25
213,1.0382546316847319,A,0.07994351652914533,3.475469252340756,0.12054256115650608,False,0.915,1.0333333333333334,0.8150000000000001,3.5
214,0.7762530933806591,A,-1.6648680524558366,-4.243008279962417,-0.09496586909461127,False,0.8400000000000001,0.7777777777777778,0.09,-4.25
215,0.5065938328686969,A,0.9904833578066365,-7.092841684725655,0.23300686123503375,False,0.74,0.5111111111111111,0.015,-7.1
216,-0.665968232608091,A,-2.6364998116893448,-2.028180430809571,-0.2149758684186972,False,0.185,-0.6666666666666666,0.25,-2.05
217,0.21024686029937917,A,-0.8682021486896156,3.710483145870274,0.0034334202080857847,False,0.585,0.2111111111111111,0.825,3.7
218,-0.13454937766154917,A,0.6232056326943974,3.4513086921332343,0.187642967842703,False,0.41500000000000004,-0.13333333333333333,0.8099999999999999,3.45
219,0.7089280424387099,A,2.0393999482466807,2.336278869966571,0.362562609195594,True,0.8150000000000001,0.7111111111111111,0.725,2.35
220,0.7681847560007272,A,1.3737683047857088,-0.11544711099691307,0.2803478685567553,False,0.835,0.7666666666666667,0.48,-0.1
221,0.6347406077404161,A,-1.708226046463845,-2.7936194890425954,-0.1003211827534604,False,0.7849999999999999,0.6333333333333333,0.19,-2.8
222,0.8614765514128474,A,3.3887942398020967,0.9152238133632282,0.5292315210323595,True,0.86,0.8666666666666667,0.575,0.9
223,0.13298779566340582,A,-1.3439239944379504,-0.9445064244888384,-0.05532482626149058,False,0.5549999999999999,0.13333333333333333,0.385,-0.95
224,-1.0333543780810075,A,-4.779450873492694,0.8259160474837306,-0.47966004844328525,False,0.06999999999999999,-1.0333333333333334,0.5599999999999999,0.85
225,0.6756497635087734,A,-0.5678744974966877,-3.959273905409657,0.04052805083759538,False,0.8,0.6777777777777777,0.11499999999999999,-3.95
226,-0.02354779459590096,A,-2.4849179308921685,3.881434508185352,-0.19625340361746077,False,0.48,-0.022222222222222223,0.8400000000000001,3.9
227,-0.16518076436459778,A,-0.6118028469120648,4.093712118865758,0.03510229037479782,False,0.395,-0.16666666666666666,0.86,4.1
228,0.07643604475683322,A,-4.030432746797676,0.512337100195827,-0.38714592050935637,False,0.525,0.07777777777777778,0.5349999999999999,0.5
229,0.6910707180028165,A,-1.017641065309296,-1.0427031269461162,-0.015024358793156108,False,0.805,0.6888888888888889,0.375,-1.05
230,0.2456299890582566,A,-2.3957041272458905,-1.6290788750320542,-0.1852342614233696,False,0.61,0.24444444444444446,0.29500000000000004,-1.65
231,0.5952573058510624,A,-2.512962213615567,2.252881898964965,-0.19971726152319094,False,0.77,0.6000000000000001,0.7150000000000001,2.25
232,0.6040077275470096,A,2.651856738685137,-0.1387422382076966,0.43820951792214047,True,0.775,0.6000000000000001,0.47000000000000003,-0.15
233,-0.6894941837417585,A,0.25784412233651643,2.8079392161892405,0.142515753551472,False,0.175,-0.6888888888888889,0.76,2.8
234,-0.8232920183454132,A,-1.5805686525258587,-3.311840816375742,-0.08455372392492443,False,0.135,-0.8222222222222223,0.15,-3.3
235,1.1484747478004822,A,2.9578112031494785,-0.2517046319534435,0.4759991380376173,True,0.9349999999999999,1.1444444444444446,0.45499999999999996,-0.25
236,0.5784633617383474,A,-0.733589300529653,1.0136530216663904,0.02005997410895304,False,0.765,0.5777777777777778,0.5900000000000001,1.0
237,-1.8171179289117212,A,-3.4757095012444843,0.758425150506292,-0.3186299053716768,False,0.01,-1.822222222222222,0.55,0.75
238,-0.7239666223991589,A,-1.038756200395857,4.011891989634457,-0.01763237085470625,False,0.16,-0.7222222222222222,0.8550000000000001,4.0
239,0.8651849034653637,A,2.9319912023119126,1.735234294286943,0.4728100097967819,True,0.865,0.8666666666666667,0.6599999999999999,1.75
240,0.3001564227367872,A,-1.3029992214619295,3.6466598837766804,-0.050270049150185486,False,0.635,0.30000000000000004,0.825,3.65
241,-0.711367634938538,A,-1.6643830749719621,-0.08538599730694008,-0.0949059676484524,False,0.16499999999999998,-0.7111111111111111,0.485,-0.1
242,0.03185084174538493,A,-1.4353780225748245,-4.361542360171526,-0.06662066725329735,False,0.505,0.03333333333333333,0.08,-4.35
243,-0.09404647074845286,A,-0.02301990566258176,-1.7611366236470691,0.1078251503573958,False,0.44000000000000006,-0.08888888888888889,0.27999999999999997,-1.75
244,-0.48975457178010806,A,-2.7982194904719617,10.624848565579077,-0.23495049188788433,False,0.255,-0.48888888888888893,1.0,10.6
245,0.21398401885699114,A,-3.7997770142823106,3.9775658587063947,-0.3586567382237729,False,0.585,0.2111111111111111,0.85,4.0
246,-0.7346604728561118,A,-2.362547466820683,4.031653043654019,-0.18113895396001836,False,0.16,-0.7333333333333333,0.8550000000000001,4.05
247,-0.7438973067705231,A,0.5322202519539144,-1.2384227833909571,0.17640501130474376,False,0.155,-0.7444444444444445,0.33999999999999997,-1.25
248,0.547450466880314,A,-2.8983387463290167,-1.0936427439828815,-0.24731660869453514,False,0.755,0.5444444444444445,0.365,-1.1
249,1.329646659466219,A,-0.05943939430963696,2.041973357452666,0.10332683835145172,False,0.9650000000000001,1.3333333333333333,0.6900000000000001,2.05
250,0.3776233015235392,A,-0.5296743624853345,6.977631855835677,0.04524629736805975,False,0.67,0.37777777777777777,0.97,7.0
251,0.8643983395721138,A,-1.3264562335985242,4.486568796136394,-0.05316731551051786,False,0.865,0.8666666666666667,0.885,4.5
252,-0.7851208829199869,A,1.2913931112604682,0.7797490320715754,0.27017338956783854,False,0.13999999999999999,-0.7888888888888889,0.5549999999999999,0.8
253,-2.205402512229309,A,-2.7315376184298343,-4.509792930311011,-0.22671435577700072,False,0.0,-2.2,0.075,-4.5
254,-0.2768404968179714,A,-3.115878983751778,3.2172526525019736,-0.2741858454171615,False,0.34500000000000003,-0.2777777777777778,0.795,3.2
255,-0.7178774141287563,A,1.0617642139908712,-4.537863454732156,0.24181103567786857,False,0.16499999999999998,-0.7222222222222222,0.06999999999999999,-4.55
256,0.18671431685597722,A,-1.4186863327530022,5.512589862288425,-0.06455901203752405,False,0.575,0.18888888888888888,0.9349999999999999,5.5
257,-0.47349258333929267,A,0.6264633242325783,0.6704603059348317,0.18804533793361436,False,0.265,-0.47777777777777775,0.545,0.65
258,-0.758315838344918,A,-1.8758414390602967,-4.685185939757357,-0.12102400865539993,False,0.145,-0.7555555555555555,0.065,-4.7
259,0.11915487499596332,A,1.0574876619266398,2.938139401637251,0.24128282217984257,False,0.545,0.12222222222222223,0.775,2.95
260,1.0015295908850832,A,0.9145253444931467,-0.1276904564000012,0.22362499301203334,False,0.905,1.0,0.475,-0.15
261,-0.2930901950113864,A,-2.348847424994981,-0.9766519258227528,-0.17944680876754393,False,0.335,-0.2888888888888889,0.38,-1.0
262,0.7854370729211146,A,-2.1130625786533184,9.757533936731964,-0.15032410978082603,False,0.845,0.7888888888888889,1.0,9.75
263,-0.16381191453848618,A,-0.9381976934604236,-4.07382519116591,-0.005212000447225368,False,0.4,-0.16666666666666666,0.1,-4.05
264,-0.6241954993044888,A,-0.8236011931182102,3.1750764930082314,0.008942256860564527,False,0.205,-0.6222222222222222,0.795,3.2
265,0.4504532519773948,A,0.8701959589458971,0.16099273005171277,0.21814969902436118,False,0.71,0.4555555555555555,0.505,0.15
266,-0.5478647516301419,A,1.337551767680964,4.491501215991344,0.27587462388133444,False,0.24,-0.5444444444444445,0.89,4.5
267,0.8062826663801794,A,1.1494580185252927,0.5922490454944906,0.25264243689843446,False,0.85,0.8111111111111111,0.54,0.6
268,1.4411812459886715,A,4.990657037208766,4.081385903985218,0.7270837952166708,True,0.975,1.4444444444444444,0.86,4.1
269,-0.617640595912754,A,-0.6779526394515405,5.593629540585589,0.02693187346272255,False,0.215,-0.6222222222222222,0.9400000000000001,5.6
270,-1.1576685977046617,A,-2.1665882642981815,0.48145750792712416,-0.15693527438821664,False,0.05,-1.1555555555555557,0.53,0.5
271,-1.824091814494583,A,-3.1545732422634094,-5.599411381757047,-0.2789651230536708,False,0.01,-1.822222222222222,0.04,-5.6
272,-1.0966107700524828,A,-3.0132840603652173,-6.045259023431207,-0.2615139493317673,False,0.06,-1.1,0.025,-6.05
273,-0.3701258863069571,A,0.6021002937860935,-1.1861213295478321,0.18503616574504594,False,0.3,-0.36666666666666664,0.35,-1.2
274,-1.1846289553956382,A,-5.718554027593595,-1.3734796502817637,-0.5956523138441231,False,0.045,-1.1888888888888889,0.325,-1.35
275,-0.11419203840961666,A,-2.225869308909871,-1.4868586334580336,-0.16425730565795635,False,0.43,-0.1111111111111111,0.31,-1.5
276,-0.3938805532468653,A,0.5249636774278434,3.868177322531613,0.17550872369815507,False,0.29500000000000004,-0.3888888888888889,0.835,3.85
277,0.051107663513049434,A,0.04291131302043599,-0.5009930706169101,0.11596857036646074,False,0.515,0.05555555555555555,0.43,-0.5
278,0.7411169199152529,A,4.530792028188045,4.219630624275662,0.6702840880258683,True,0.825,0.7444444444444445,0.865,4.2
279,-0.12917944238238835,A,-2.9166187063611524,3.48798544043306,-0.24957443731145018,False,0.425,-0.13333333333333333,0.8150000000000001,3.5
280,-0.5837493320018426,A,-4.676657214657881,-2.8572955331617984,-0.46696360577346363,False,0.22999999999999998,-0.5888888888888889,0.185,-2.85
281,-0.8485405897793552,A,-1.4909672659889321,-0.9439316032377798,-0.07348670986785358,False,0.125,-0.8444444444444444,0.385,-0.95
282,-0.6278633548601913,A,-2.36320082597726,6.1717702264875705,-0.18121965287830097,False,0.205,-0.6333333333333333,0.9550000000000001,6.15
283,-0.3182984151856455,A,-4.699330189023453,4.873669813275579,-0.4697640325940461,False,0.325,-0.3222222222222222,0.9,4.85
284,0.9108053863582438,A,-0.5633290810128319,-2.140323930235311,0.04108947282074007,False,0.8800000000000001,0.911111111111111,0.23500000000000001,-2.15
285,-0.05785820975625309,A,-1.378881002895631,-3.0992004326248592,-0.05964250167865458,False,0.465,-0.05555555555555555,0.16499999999999998,-3.1
286,0.25203528775284223,A,-2.504033408596119,-0.965406375374888,-0.19861443025592754,False,0.61,0.25555555555555554,0.38,-0.95
287,0.4198276456704883,A,-0.5178707364280006,-0.20940991034067397,0.04670420890882688,False,0.6950000000000001,0.4222222222222222,0.465,-0.2
288,0.6293366578048071,A,-0.3000681640236612,4.6770503568093025,0.07360584764040645,False,0.7849999999999999,0.6333333333333333,0.8949999999999999,4.7
289,-0.13976015753466803,A,3.1229152792721773,1.6139397198633323,0.49639178152172875,True,0.41500000000000004,-0.14444444444444446,0.65,1.6
290,0.1688031590430947,A,-0.06289121962115932,0.8411116851440633,0.1029004900467921,False,0.5700000000000001,0.16666666666666666,0.5650000000000001,0.85
291,-1.2578356506688275,A,-6.569396251618142,-1.7012574515409598,-0.7007431301536279,False,0.034999999999999996,-1.2555555555555555,0.28500000000000003,-1.7
292,0.44646322779200664,A,-4.383012699130731,3.9372739149023936,-0.4306944350973889,False,0.71,0.4444444444444444,0.845,3.95
293,-0.16318905963078323,A,-1.6910833967452095,3.938079513762073,-0.09820382773537265,False,0.4,-0.16666666666666666,0.845,3.95
294,1.4974522209377765,A,4.1475415890714675,5.126793195719651,0.6229473429038075,True,0.9800000000000001,1.5,0.915,5.15
295,-0.9937034902422771,A,-4.359534241615373,-1.246857274467085,-0.42779451993532025,False,0.09,-0.9888888888888889,0.33999999999999997,-1.25
296,-1.215208571696763,A,-3.521931155861731,3.7375694475387986,-0.3243389208362905,False,0.045,-1.2111111111111112,0.8300000000000001,3.75
297,1.4714631187223692,A,0.09891902190592439,2.0817061257669134,0.12288629927107522,False,0.9800000000000001,1.4666666666666666,0.6950000000000001,2.1
298,0.02910063139084415,A,-1.82884063442868,3.1601132967925776,-0.11521875735677886,False,0.505,0.03333333333333333,0.79,3.15
299,-0.21506030038445006,A,0.6278092508479693,4.276297140490998,0.18821157853934634,False,0.38,-0.2111111111111111,0.875,4.3
300,0.45255921521618303,A,-4.5751334549451315,-1.3425294970499033,-0.45442401325940535,False,0.71,0.4555555555555555,0.32999999999999996,-1.35
301,1.0257260808563589,A,0.594679192015291,2.26642213348433,0.18411955674165087,False,0.9099999999999999,1.0222222222222221,0.7150000000000001,2.25
302,1.135033564701169,A,-0.7428608837592503,4.363852445929483,0.018914804978216775,False,0.93,1.1333333333333333,0.8800000000000001,4.35
303,-0.7268087947042248,A,-0.3966289772251489,-1.8665119315734597,0.06167924785924517,False,0.16,-0.7222222222222222,0.27,-1.85
304,0.11650192272816605,A,-1.752068618047328,3.6660996937773227,-0.10573634846423405,False,0.545,0.1111111111111111,0.825,3.65
305,0.5110213389243402,A,-0.7576541383199141,-5.1753669370739,0.01708763284952184,False,0.74,0.5111111111111111,0.05,-5.2
306,-0.8866503185091986,A,-3.95125263019911,0.9464694686259804,-0.37736607783833137,False,0.11499999999999999,-0.8888888888888888,0.575,0.95
307,0.2952130463036498,A,-2.318325378428507,-1.4095557233443785,-0.1756769126592674,False,0.635,0.30000000000000004,0.315,-1.4
308,0.39110861886535064,A,-1.3604063415601697,0.28489768348668426,-0.057360624750166275,False,0.6799999999999999,0.3888888888888889,0.515,0.3
309,-0.010836808258294084,A,-1.1637202244806841,-3.0449604631716345,-0.03306716114787843,False,0.485,-0.011111111111111112,0.175,-3.05
310,-1.3954951032148326,A,-0.6420623277241351,3.4062289304749545,0.03136482477911939,False,0.025,-1.4,0.805,3.4
311,-0.6365312809562851,A,-2.830975720771311,1.8260231135593967,-0.2389963406765094,False,0.205,-0.6333333333333333,0.67,1.85
312,1.1737800471181215,A,2.7175329866238047,8.28761341334211,0.4463214455076959,True,0.9349999999999999,1.1777777777777778,0.99,8.3
313,0.21309125472695298,A,-1.5339373505956093,2.994696400488211,-0.0787941113351248,False,0.585,0.2111111111111111,0.7849999999999999,3.0
314,-0.7423451870439142,A,0.20881014271988962,0.7137458788914743,0.13645937694096394,False,0.155,-0.7444444444444445,0.55,0.7
315,-0.9803342039359509,A,-1.7661810002077327,-3.1732432762037166,-0.10747942340742803,False,0.095,-0.9777777777777779,0.16,-3.15
316,0.05206013439104656,A,1.0837219465216383,3.0300535351285736,0.24452312021106104,False,0.515,0.05555555555555555,0.7849999999999999,3.05
317,0.4996553515510285,A,-2.584042494708196,2.9041934917258967,-0.20849666216012727,False,0.735,0.5,0.77,2.9
318,0.6049751664731536,A,-0.07230429226991864,6.86432488156265,0.10173784501025444,False,0.775,0.6000000000000001,0.97,6.85
319,1.4459434009650285,A,-1.4817656896014584,0.9889326457548937,-0.0723501875531524,False,0.975,1.4444444444444444,0.585,1.0
320,0.32310299484507254,A,-0.13187195255275902,-4.896517007964734,0.09438041272961299,False,0.65,0.3222222222222222,0.06,-4.9
321,-1.0288225272859528,A,1.3280552373628634,3.483587772812138,0.27470167066503004,False,0.075,-1.0333333333333334,0.8150000000000001,3.5
322,-1.2744822859092884,A,0.40496650241084153,2.3426790318302286,0.16068740815774601,False,0.034999999999999996,-1.2777777777777777,0.73,2.35
323,-1.9618870642533357,A,-4.550600882340714,6.3563873893177885,-0.4513939002626906,False,0.005,-1.9666666666666666,0.96,6.35
324,-0.23911069494832482,A,-4.485890564516685,6.514641438175088,-0.443401278444267,False,0.365,-0.24444444444444446,0.97,6.5
325,-0.09230240481234889,A,-1.2026494341093936,-2.5557381199185674,-0.037875458506246115,False,0.445,-0.08888888888888889,0.2,-2.55
326,-0.21260992710953036,A,0.9858872753630183,0.5076436230552537,0.23243918130309413,False,0.38,-0.2111111111111111,0.5349999999999999,0.5
327,-1.0837708200903549,A,0.39896264068454834,2.8840623812072934,0.1599458479577349,False,0.06,-1.088888888888889,0.77,2.9
328,0.7492076076234492,A,-4.454737344794829,1.3147563400734648,-0.4395534236965873,False,0.825,0.7444444444444445,0.61,1.3
329,-0.2306474399915191,A,2.953874008921995,4.928579748003616,0.4755128399395067,True,0.37,-0.23333333333333334,0.905,4.95
330,-0.3306631132693437,A,0.08582091732046415,-1.1711687529540526,0.1212685016769662,False,0.32,-0.3333333333333333,0.35,-1.15
331,-0.1896824097148198,A,-0.10179828580538405,5.000663218247629,0.09809492771095984,False,0.39,-0.18888888888888888,0.9099999999999999,5.0
332,-0.03355371305261539,A,1.895978548063545,4.2424352061505,0.3448480769404776,True,0.475,-0.03333333333333333,0.8699999999999999,4.25
333,0.7070385957328591,A,0.8561873271790943,-4.030147213188011,0.21641943869385116,False,0.8099999999999999,0.7111111111111111,0.1,-4.05
334,1.940770732564015,A,-1.472575063799537,2.9961445873658983,-0.07121501778765747,False,0.9949999999999999,1.9444444444444444,0.7849999999999999,3.0
335,-0.15187979564324725,A,2.1405891931735006,-6.321308473182865,0.3750608844936887,True,0.40499999999999997,-0.15555555555555556,0.02,-6.3
336,0.04763267733919805,A,0.11781075358833126,-2.4448154940534863,0.12521969017240286,False,0.515,0.044444444444444446,0.215,-2.45
337,0.4977793745950717,A,0.24560609069066702,6.2348035286417725,0.14100418689508243,False,0.73,0.5,0.96,6.25
338,0.7793400424836341,A,0.9718928670074628,5.4980133329992436,0.23071067776115958,False,0.8400000000000001,0.7777777777777778,0.9349999999999999,5.5
339,-0.7019089035201042,A,-1.7376401287190193,-1.2007406400062193,-0.10395422990122631,False,0.16999999999999998,-0.7,0.34500000000000003,-1.2
340,0.9773558533881211,A,0.331809635587755,3.813881630773025,0.15165152037972934,False,0.9,0.9777777777777779,0.835,3.8
341,0.25159786086368946,A,-2.205296259024462,3.78991945889686,-0.16171624863776385,False,0.61,0.25555555555555554,0.8300000000000001,3.8
342,0.4021614910142813,A,-0.7023939096029539,-0.642763798368891,0.023913037585368314,False,0.6849999999999999,0.4,0.41,-0.65
343,-0.8661660038090176,A,-1.6096544656012464,8.658857634706843,-0.08814622527571538,False,0.12,-0.8666666666666667,0.99,8.65
344,-0.5745806753507705,A,-0.4790554277686855,-1.7797734884816379,0.05149843791760623,False,0.22999999999999998,-0.5777777777777778,0.27999999999999997,-1.8
345,-0.8050473093511291,A,-4.730848130124478,2.68497668252178,-0.4736569354909363,False,0.135,-0.8,0.755,2.7
346,0.9452028280619728,A,-2.0315930817564745,3.562875325982336,-0.140261496888019,False,0.89,0.9444444444444444,0.82,3.55
347,0.24904859451627917,A,-0.5052746087454112,2.8158246078867566,0.04826000539273984,False,0.61,0.24444444444444446,0.765,2.8
348,0.042818148075472844,A,-0.81279018555614,-3.9303167689443876,0.01027756624901045,False,0.51,0.044444444444444446,0.11499999999999999,-3.95
349,0.5510358171234976,A,-3.000538340290868,-1.0758479555264437,-0.25993967611254454,False,0.755,0.5555555555555556,0.37,-1.1
350,-0.9521019242284958,A,-3.1354239200953247,-0.6228102405408824,-0.2765999161544424,False,0.1,-0.9555555555555555,0.41500000000000004,-0.6
351,-0.5661265117350953,A,-2.1914189230755756,3.4544359454764195,-0.16000220516191063,False,0.23500000000000001,-0.5666666666666667,0.8099999999999999,3.45
352,0.07268597237651081,A,-0.476076361682002,-1.7559521099909021,0.05186639390057175,False,0.525,0.07777777777777778,0.27999999999999997,-1.75
353,0.46554716882224395,A,-0.4387755238785645,3.9972252453186248,0.05647356475211919,False,0.7150000000000001,0.4666666666666667,0.8550000000000001,4.0
354,-1.4230793604771885,A,-1.3931081048410798,-2.955557793251292,-0.06139974610652704,False,0.025,-1.4222222222222223,0.18,-2.95
355,-0.12130124016876427,A,-2.3508457138075545,0.19340778247332951,-0.17969362515324486,False,0.425,-0.12222222222222223,0.51,0.2
356,0.5657756116868145,A,-4.8838536812347195,-1.2717331895593578,-0.49255524332291456,False,0.76,0.5666666666666667,0.335,-1.25
357,0.7947094500823133,A,1.5454829076047008,6.005527536788405,0.3015570037794446,True,0.845,0.8,0.95,6.0
358,-0.5686224886230342,A,-3.84268297141183,1.010334623830312,-0.3639562190581323,False,0.23500000000000001,-0.5666666666666667,0.585,1.0
359,-0.6952563734993159,A,0.025556587140030396,-2.7056289435327887,0.11382502100078316,False,0.16999999999999998,-0.7,0.195,-2.7
360,-0.21072970359348503,A,-3.4827218178959605,2.981196739225513,-0.319496023742764,False,0.38,-0.2111111111111111,0.78,3.0
361,1.252615579307206,A,-0.24002250703977324,-5.504958490846718,0.08102231914370041,False,0.95,1.2555555555555555,0.045,-5.5
362,0.5289788316090841,A,1.3684353894660188,1.8040134776490055,0.2796891795443498,False,0.745,0.5333333333333333,0.665,1.8
363,-1.103502424566508,A,-2.029717684091297,-1.4667813131243463,-0.14002985926358824,False,0.05500000000000001,-1.1,0.315,-1.45
364,-1.8487527640140307,A,0.4249584663121373,1.3708368267067532,0.1631566929989232,False,0.01,-1.8444444444444446,0.615,1.35
365,-1.0369001203736923,A,-0.6999893601324019,-1.634581257874965,0.024210032797384977,False,0.06999999999999999,-1.0333333333333334,0.29500000000000004,-1.65
366,-0.5261501783427729,A,-3.358897757496049,2.4020779696710908,-0.30420203477659263,False,0.24500000000000002,-0.5222222222222223,0.73,2.4
367,-0.6636624668846474,A,1.1848435322443986,-2.5318458402470077,0.25701303865898456,False,0.19,-0.6666666666666666,0.205,-2.55
368,-0.20884864330959613,A,-0.3152174503156564,-0.4218575941416171,0.07173470065453916,False,0.385,-0.2111111111111111,0.44000000000000006,-0.4
369,0.037600929373833525,A,2.292398335165621,1.3398933953599577,0.3938114192047366,True,0.51,0.03333333333333333,0.615,1.35
370,-1.2522831076790528,A,-1.306807988122027,-5.646538034719412,-0.050740484662363965,False,0.04,-1.2555555555555555,0.04,-5.65
371,0.1061256278594488,A,-2.5419147993193474,6.256851497986949,-0.2032933074456526,False,0.54,0.1111111111111111,0.96,6.25
372,-0.029674110144530832,A,0.5670355249801493,-1.9211267897331088,0.180705180430177,False,0.475,-0.03333333333333333,0.265,-1.9
373,0.2763189798278256,A,-3.491019258424852,-0.23203962464470518,-0.3205208727380762,False,0.625,0.2777777777777778,0.45999999999999996,-0.25
374,-0.4228981103042099,A,-1.7622611488729092,0.9778586418985641,-0.10699526739711628,False,0.27999999999999997,-0.4222222222222222,0.58,1.0
375,1.424334657491565,A,0.6366034108376877,2.241117747837128,0.1892977792778386,False,0.97,1.4222222222222223,0.71,2.25
376,-0.5281067688287602,A,-2.084488001621276,-1.3308283370084732,-0.14679475317250903,False,0.24500000000000002,-0.5333333333333333,0.32999999999999996,-1.35
377,-0.7995763409482787,A,-0.7577448640869401,-0.0014361081848461854,0.017076426958878607,False,0.13999999999999999,-0.8,0.49000000000000005,-0.0
378,-0.9218874697883305,A,0.25961090805053855,-1.181143984754429,0.1427339760934285,False,0.10500000000000001,-0.9222222222222223,0.35,-1.2
379,0.16144390044270976,A,-5.597432532372241,-0.6939031257515811,-0.5806921291635464,False,0.5650000000000001,0.16666666666666666,0.40499999999999997,-0.7
380,1.1967577526146356,A,-3.001811001162869,0.8113209265023503,-0.2600968673827322,False,0.9400000000000001,1.2000000000000002,0.5599999999999999,0.8
381,-0.814523030530841,A,-4.89479035747822,-3.9086121735685997,-0.49390607453660984,False,0.135,-0.8111111111111111,0.11499999999999999,-3.9
382,0.2636442477561055,A,-1.6349385591822463,0.3424820491905888,-0.091269161537041,False,0.62,0.26666666666666666,0.525,0.35
383,1.1020669734898225,A,-2.611543593793149,8.27960068668012,-0.2118934293522582,False,0.925,1.1,0.985,8.3
384,0.4002896080279903,A,-0.4098302932068689,1.7769859171229603,0.060048702226100086,False,0.6849999999999999,0.4,0.665,1.8
385,1.5404075193487208,A,0.5178358914877297,-3.6179178787323876,0.1746283432682995,False,0.985,1.5444444444444445,0.13,-3.6
386,-0.029468113559392734,A,-1.5222950240548991,3.240385473261661,-0.07735612252197235,False,0.48,-0.03333333333333333,0.8,3.25
387,0.26350278539644184,A,-1.2883098980613525,-2.1550742059073644,-0.04845571396134275,False,0.62,0.26666666666666666,0.23500000000000001,-2.15
388,-0.6657862808027902,A,3.357858372408931,3.484202694792365,0.5254105123120676,True,0.19,-0.6666666666666666,0.8150000000000001,3.5
389,0.7572884954086101,A,-3.668747182388384,-0.5551558379665045,-0.3424727365301373,False,0.8300000000000001,0.7555555555555555,0.425,-0.55
390,-0.2643509306878475,A,-2.10628673373407,2.9313062531154763,-0.14948719894865992,False,0.355,-0.26666666666666666,0.775,2.95
391,1.0635058859403723,A,1.066640999960415,5.378014777247863,0.2424133863887699,False,0.915,1.0666666666666667,0.925,5.4
392,-0.031057921096447096,A,-2.226355500072024,0.31374993812706914,-0.164317357010217,False,0.475,-0.03333333333333333,0.52,0.3
393,-0.6200769812084983,A,-1.9939272539127268,-4.01644874856942,-0.1356092447038837,False,0.21000000000000002,-0.6222222222222222,0.10500000000000001,-4.0
394,-1.3307056680614984,A,-1.9353795186442975,-3.119335853428436,-0.1283777873094344,False,0.03,-1.3333333333333333,0.16499999999999998,-3.1
395,-1.0333465215253168,A,0.932278691662288,-4.006690164174016,0.22581777763596292,False,0.075,-1.0333333333333334,0.10500000000000001,-4.0
396,0.27454778964515486,A,0.3405043382879517,6.376885225888829,0.15272543676343922,False,0.625,0.2777777777777778,0.9650000000000001,6.4
397,1.1811587191230197,A,0.01664178637633995,0.8781683016113051,0.11272391945335244,False,0.9400000000000001,1.1777777777777778,0.5700000000000001,0.9
398,-0.538190466035578,A,0.4166206723961843,0.9358725065332177,0.16212685980058553,False,0.24500000000000002,-0.5333333333333333,0.575,0.95
399,0.4451035823165142,A,0.7551631061609274,3.960284952866477,0.20394154613744617,False,0.705,0.4444444444444444,0.845,3.95
400,0.6033386142034831,A,-0.9628242231353898,2.104467561517623,-0.008253718445388308,False,0.775,0.6000000000000001,0.7,2.1
401,-0.6505136103494651,A,-0.18470735058758192,2.101259168909279,0.08785450821672537,False,0.195,-0.6555555555555556,0.7,2.1
402,0.32564635840206413,A,4.238766820166065,4.76534578500954,0.6342149242873542,True,0.65,0.3222222222222222,0.9,4.75
403,1.0272964096531247,A,1.629038869763185,0.46740323223921576,0.31187732407246743,True,0.9099999999999999,1.0222222222222221,0.53,0.45
404,0.045753044595830863,A,-1.040233403156961,-1.2378721806421296,-0.017814825885304943,False,0.51,0.044444444444444446,0.33999999999999997,-1.25
405,0.18556763630997047,A,-0.18592802461676122,0.1207389451763821,0.08770373804271181,False,0.575,0.18888888888888888,0.5,0.1
406,-0.23351920298446496,A,1.5862738356003587,2.2609754680421377,0.3065952491791725,True,0.37,-0.23333333333333334,0.7150000000000001,2.25
407,-0.4018382010846342,A,-2.619674772607336,-1.1414807676989085,-0.2128977427196644,False,0.29,-0.4,0.355,-1.15
408,-0.8747073607208783,A,-2.499735245582197,6.89324197539927,-0.19808354750585927,False,0.11499999999999999,-0.8777777777777778,0.97,6.9
409,-2.014059487177349,A,-6.037890600395471,-3.3034583321410995,-0.635094809956376,False,0.005,-2.011111111111111,0.155,-3.3
410,-0.2824842626223225,A,-3.2221802333537912,2.037089739678307,-0.28731552419891615,False,0.34500000000000003,-0.2777777777777778,0.6900000000000001,2.05
411,0.7594392660045146,A,0.31590090866562953,-1.086175562640385,0.1496865719421881,False,0.8300000000000001,0.7555555555555555,0.37,-1.1
412,-0.2587226250781334,A,-2.701410920962244,0.07044249440139033,-0.22299329076614247,False,0.355,-0.25555555555555554,0.495,0.05
413,-0.5183184796391068,A,-1.0088672869440711,-2.4817234099589465,-0.013940675467992934,False,0.25,-0.5222222222222223,0.21000000000000002,-2.5
414,-0.48702395498013257,A,-2.735070661214899,-10.067517628366826,-0.22715073556617318,False,0.26,-0.48888888888888893,0.0,-10.05
415,-0.4871120297027206,A,1.451325256190723,-3.5166591320348886,0.2899272278121963,False,0.26,-0.48888888888888893,0.135,-3.5
416,-0.5159835818266023,A,-3.0849114748335658,2.688373221240752,-0.2703609285296412,False,0.25,-0.5111111111111111,0.755,2.7
417,0.9683636465376182,A,0.44924067188350625,2.6383875434746766,0.16615588219433006,False,0.8949999999999999,0.9666666666666666,0.75,2.65
418,0.11646059678511778,A,-3.348565199530303,1.404029702008874,-0.3029258205496478,False,0.545,0.1111111111111111,0.625,1.4
419,-0.42545839819941866,A,-0.7531429064689221,-2.87368100919621,0.01764483255634846,False,0.27999999999999997,-0.4222222222222222,0.18,-2.85
420,-1.132297031445554,A,-4.641404251301455,0.3496422628770597,-0.4626093758212498,False,0.05500000000000001,-1.1333333333333333,0.525,0.35
421,-0.6081226687833491,A,-1.244100954490179,-5.645589934999174,-0.04299529622831143,False,0.215,-0.6111111111111112,0.04,-5.65
422,-0.75105945982439,A,1.3363279981712808,5.429916671275077,0.27572347137254266,False,0.15,-0.7555555555555555,0.925,5.45
423,-0.10976484901142676,A,-1.7376405697095814,-2.37759107179018,-0.1039542843696775,False,0.43499999999999994,-0.1111111111111111,0.22000000000000003,-2.4
424,-0.6680831373639787,A,-4.7637613581125375,0.16908198941180708,-0.47772217567176,False,0.185,-0.6666666666666666,0.505,0.15
425,0.35883919378283824,A,-3.53560957907746,-5.3071510898762995,-0.3260283958305714,False,0.665,0.35555555555555557,0.045,-5.3
426,-1.0763361687473103,A,-0.3522650631528622,-7.486915893436738,0.06715880659868877,False,0.06,-1.0777777777777777,0.01,-7.5
427,0.8437439939896288,A,3.0571810243845405,-1.1219304592135755,0.48827268927338785,True,0.8550000000000001,0.8444444444444444,0.36,-1.1
428,0.7981091315941772,A,-1.5998033234806832,2.3401039710335407,-0.08692947258314912,False,0.845,0.8,0.725,2.35
429,0.8344935101730634,A,-0.355076438035412,-1.6677867480923143,0.06681156280540157,False,0.8550000000000001,0.8333333333333334,0.29,-1.65
430,-0.6245659653888452,A,-3.366429063936013,2.575432442684645,-0.30513225558522755,False,0.205,-0.6222222222222222,0.74,2.6
431,0.3842399143186739,A,2.1074101353306123,-5.662401008477569,0.37096281063858955,True,0.675,0.3888888888888889,0.034999999999999996,-5.65
432,-1.3761547549020778,A,-6.457689468069434,-1.6160292325532013,-0.686945792951773,False,0.025,-1.3777777777777778,0.29500000000000004,-1.6
433,-0.8509304042822166,A,-4.035338575338382,1.2989248375387978,-0.3877518583806324,False,0.125,-0.8555555555555556,0.61,1.3
434,-0.5871218067741705,A,0.3501782645091902,2.1466044191168785,0.15392030083435837,False,0.225,-0.5888888888888889,0.705,2.15
435,0.9887321226040119,A,0.035493348557452786,3.223098332522614,0.11505234886409756,False,0.905,0.9888888888888889,0.795,3.2
436,-1.0005770753821144,A,-0.5972290662573942,2.6269022183046262,0.036902354431880634,False,0.08499999999999999,-1.0,0.745,2.65
437,0.7401517968643891,A,-0.06482946691025882,-0.43827901381904644,0.10266108962204863,False,0.825,0.7444444444444445,0.43499999999999994,-0.45
438,-0.02829579107341625,A,3.1511995838492575,-2.0127687282545277,0.4998852854556217,True,0.48,-0.03333333333333333,0.255,-2.0
439,0.5826512981550396,A,-1.2364662336349859,5.5135822515090664,-0.04205230230498175,False,0.765,0.5777777777777778,0.9349999999999999,5.5
440,1.410971728616085,A,1.0483161834392436,-0.7563870348537824,0.24015001737327515,False,0.97,1.411111111111111,0.4,-0.75
441,0.9202255447582987,A,2.679222542960588,-0.3666982669642168,0.4415895743286856,True,0.885,0.9222222222222223,0.445,-0.35
442,1.6583933011568628,A,1.1882658718314012,4.909616225015943,0.257435745067683,False,0.99,1.6555555555555557,0.905,4.9
443,0.32285806207658097,A,0.10248278898163449,1.7028601528924092,0.12332647393630496,False,0.645,0.3222222222222222,0.655,1.7
444,-0.0023529013055791606,A,-3.0088489281830513,-2.3962037145505124,-0.26096614898958437,False,0.495,-0.0,0.22000000000000003,-2.4
445,-0.08551219116266981,A,-0.4006026472559522,-2.5380366263717575,0.06118844449348544,False,0.45,-0.08888888888888889,0.205,-2.55
446,0.891523075521832,A,0.8071947017905318,1.3036736843569992,0.2103681699041146,False,0.875,0.8888888888888888,0.61,1.3
447,0.3387322768986765,A,-2.950645057959684,-2.843984682625952,-0.25377716369779457,False,0.655,0.3333333333333333,0.185,-2.85
448,0.36462783430132006,A,1.8279381178415983,0.03501799058043442,0.3364441400504485,True,0.665,0.36666666666666664,0.495,0.05
449,-0.6357767512471697,A,0.24387702148998358,-1.8733085432905383,0.1407906228656717,False,0.205,-0.6333333333333333,0.27,-1.85
450,0.21574782933933656,A,1.241092599063232,5.213345412744205,0.26396057861613237,False,0.5900000000000001,0.2111111111111111,0.9199999999999999,5.2
451,-1.4858634207769617,A,-1.4532595553621979,-3.775728976178459,-0.06882928457908258,False,0.02,-1.488888888888889,0.125,-3.8
452,1.3233359079491804,A,1.8052090515009769,4.490150026276801,0.3336367850929212,True,0.96,1.3222222222222222,0.885,4.5
453,0.14346646837222007,A,-2.0625876672593715,2.087533817191246,-0.14408975810931474,False,0.5599999999999999,0.14444444444444446,0.6950000000000001,2.1
454,-0.5415471498133594,A,-2.3568666689865245,4.156441821582701,-0.18043729663175703,False,0.24,-0.5444444444444445,0.865,4.15
455,-0.06456804808866191,A,-1.8826467539485312,6.414159995502008,-0.12186455943750023,False,0.45499999999999996,-0.06666666666666667,0.9650000000000001,6.4
456,0.1939687667509973,A,-1.5529933683511123,-3.108980347713092,-0.08114779384521667,False,0.58,0.18888888888888888,0.16499999999999998,-3.1
457,1.962518259987027,A,2.90728137794438,3.7206271388337395,0.4697580037487445,True,0.9949999999999999,1.9666666666666666,0.825,3.7
458,-0.2516408974027057,A,0.5638708178036224,-0.6088272414358284,0.18031429519767334,False,0.36,-0.25555555555555554,0.42000000000000004,-0.6
459,-0.06003143771298589,A,-3.1073575182001107,6.210429681341817,-0.27313332622418807,False,0.45999999999999996,-0.05555555555555555,0.9550000000000001,6.2
460,0.8755361646813246,A,-2.25693145854387,2.2266734391421728,-0.16809391198659426,False,0.8699999999999999,0.8777777777777778,0.71,2.25
461,-1.1505537257742249,A,-3.8386942796878927,-6.411290425560827,-0.36346356030491156,False,0.05500000000000001,-1.1555555555555557,0.02,-6.4
462,0.9526938971904189,A,-0.6795265966800115,5.452501051412812,0.026737467913367147,False,0.8949999999999999,0.9555555555555555,0.93,5.45
463,-0.011890880050408075,A,-4.324764068850189,4.246078568512364,-0.42349992131769176,False,0.485,-0.011111111111111112,0.8699999999999999,4.25
464,0.09949039083300547,A,-0.41386921731117643,1.8707617333146382,0.059549839077153256,False,0.5349999999999999,0.1,0.675,1.85
465,-0.59676629986741,A,-1.6247061094133959,2.004788814445937,-0.09000531206096767,False,0.225,-0.6000000000000001,0.6799999999999999,2.0
466,-0.09392845265719828,A,-0.7135993417684361,-1.3616193616077177,0.022529011287518136,False,0.445,-0.08888888888888889,0.325,-1.35
467,-1.466805854215739,A,-2.8159275714801106,4.099835141848861,-0.23713768551306524,False,0.02,-1.4666666666666666,0.86,4.1
468,-0.6670915738820049,A,-0.27338122135826154,2.7805473417108333,0.07690205522193204,False,0.185,-0.6666666666666666,0.76,2.8
469,0.723155863927682,A,3.6280862125511226,-2.2543500255656466,0.5587873987761296,True,0.82,0.7222222222222222,0.22999999999999998,-2.25
470,-0.2734657845541258,A,-2.1286343293723315,2.941694210543316,-0.15224743698324045,False,0.35,-0.2777777777777778,0.775,2.95
471,0.08859558580834888,A,1.9676884132707202,5.296063470108825,0.35370523994823294,True,0.53,0.08888888888888889,0.9199999999999999,5.3
472,-0.1467270547770122,A,-0.8672773966863876,3.3012722181726293,0.003547639907295591,False,0.41,-0.14444444444444446,0.805,3.3
473,-0.39032521482473687,A,-4.0984342156155735,0.1488593724713682,-0.3955450451255696,False,0.29500000000000004,-0.3888888888888889,0.5,0.15
474,0.8122540018667025,A,1.1444787827035268,2.0305629928606543,0.2520274322097487,False,0.85,0.8111111111111111,0.6849999999999999,2.05
475,0.7716740020679241,A,-0.3490732624765843,2.7027654938250545,0.06755303825421317,False,0.8400000000000001,0.7666666666666667,0.755,2.7
476,-0.46359034412265243,A,-3.250846278161957,-1.6450052533416533,-0.29085617834629196,False,0.27,-0.4666666666666667,0.29,-1.65
477,1.1274111223878869,A,-1.2624829974691778,3.5524410168518012,-0.04526573350510981,False,0.93,1.1222222222222222,0.82,3.55
478,-0.14813799207187106,A,-3.303899647570399,-2.3657928552568293,-0.2974090053472026,False,0.41,-0.14444444444444446,0.225,-2.35
479,0.5579929459434194,A,-0.146663497479131,1.305709441277561,0.09255345176446667,False,0.755,0.5555555555555556,0.61,1.3
480,0.5748050074086992,A,-1.4983443617267345,2.307117353653667,-0.07439788351578558,False,0.76,0.5777777777777778,0.72,2.3
481,-1.1207705103731842,A,-1.057507723993366,-1.9349182019625912,-0.01994844411278694,False,0.05500000000000001,-1.1222222222222222,0.26,-1.95
482,-0.8703753116038428,A,-0.3414027293695612,-5.851839780184051,0.06850045548737918,False,0.12,-0.8666666666666667,0.034999999999999996,-5.85
483,1.4397915947021152,A,0.16570703121459052,6.423478785066402,0.13113554480655779,False,0.975,1.4444444444444444,0.9650000000000001,6.4
484,-0.10948039917027926,A,-1.6065616047510398,-1.3571963308761996,-0.08776421406105975,False,0.43499999999999994,-0.1111111111111111,0.325,-1.35
485,0.4584457772610557,A,-0.1062141869257987,-0.620365370688762,0.09754950267164839,False,0.71,0.4555555555555555,0.41500000000000004,-0.6
486,-0.7574950138960777,A,-2.29724612893579,-7.72335128946864,-0.17307333296630964,False,0.15,-0.7555555555555555,0.005,-7.7
487,-0.8449333103264526,A,-0.5772729804020926,1.0689240114320757,0.03936720783672965,False,0.13,-0.8444444444444444,0.595,1.05
488,0.25412394031046853,A,-1.3231475026313988,5.502355024247153,-0.05275864134218731,False,0.615,0.25555555555555554,0.9349999999999999,5.5
489,-0.13452467181382038,A,0.45389882856696456,-0.7301170768322636,0.16673122915589328,False,0.42000000000000004,-0.13333333333333333,0.4,-0.75
490,-0.6074812529200796,A,-2.615698516161628,-0.15652614315885238,-0.212406619895789,False,0.22000000000000003,-0.6111111111111112,0.47000000000000003,-0.15
491,-0.9912517359945655,A,-3.0731054919264205,-3.6171846914198342,-0.2689027258852317,False,0.09,-0.9888888888888889,0.13,-3.6
492,1.2097171490298615,A,2.3401350427586314,0.1476168062545986,0.3997075647264624,True,0.9400000000000001,1.2111111111111112,0.5,0.15
493,1.0603210190963843,A,0.9534299169521133,1.585418362208828,0.2284302473382069,False,0.915,1.0555555555555556,0.645,1.6
494,-0.2064170809071082,A,0.27369781514975333,-3.3099833989823506,0.1444739045132126,False,0.385,-0.2111111111111111,0.155,-3.3
495,0.49758418364629453,A,0.8004171109931237,-2.3500479959648923,0.20953104343177953,False,0.73,0.5,0.225,-2.35
496,-0.3661728515770264,A,-2.5618444143641916,5.577957082645785,-0.20575489133824562,False,0.305,-0.36666666666666664,0.9400000000000001,5.6
497,-0.36772995182108303,A,-1.0435012482485062,3.7822419168896886,-0.018218450080892117,False,0.305,-0.36666666666666664,0.8300000000000001,3.8
498,-0.5905671378546071,A,-1.2983160933969828,1.606921530375754,-0.04969161787664188,False,0.225,-0.5888888888888889,0.65,1.6
499,-0.09163225064693914,A,-0.690902521130633,6.084911245390605,0.02533238345348193,False,0.445,-0.08888888888888889,0.9550000000000001,6.1
500,-0.13375402846351855,B,4.629103285302,4.526334161574938,0.3060612518804288,True,0.42000000000000004,-0.13333333333333333,0.89,4.55
501,0.5981178369505018,B,4.01820613345343,0.40123844437589795,0.261008891924198,False,0.77,0.6000000000000001,0.53,0.4
502,-0.3010512283224849,B,-0.5175154167450393,-2.013957325605669,-0.0734908832383288,False,0.32999999999999996,-0.30000000000000004,0.255,-2.0
503,0.2774360950283713,B,0.318258225522563,0.5609033352965898,-0.011854362492683339,False,0.625,0.2777777777777778,0.54,0.55
504,-1.133437696445378,B,-1.1293674521337305,-3.7740727806506853,-0.11861366381583052,False,0.05500000000000001,-1.1333333333333333,0.125,-3.75
505,-0.12023256625687513,B,2.573741598411709,-4.908685996782438,0.15448271811607323,False,0.425,-0.12222222222222223,0.06,-4.9
506,1.103126786526698,B,0.5916149980130908,5.47245893007514,0.008305115536393317,False,0.925,1.1,0.93,5.45
507,0.8068460523310785,B,2.838773592605536,-3.971573959709935,0.17402826152907924,False,0.85,0.8111111111111111,0.11000000000000001,-3.95
508,-1.0156389924313445,B,1.125018042338896,0.06152238364164986,0.047642450604984975,False,0.08,-1.011111111111111,0.495,0.05
509,-0.035858723950613895,B,3.667624834075783,2.9222314417238042,0.23515427000348554,False,0.475,-0.03333333333333333,0.77,2.9
510,0.4424234069145109,B,0.23151792289274112,-0.5233015972042576,-0.018251274517835182,False,0.705,0.4444444444444444,0.43,-0.5
511,-0.10072362997538209,B,0.1719732588403482,-6.50078992496204,-0.02264256629296236,False,0.43499999999999994,-0.1,0.015,-6.5
512,-0.6969520602527077,B,1.00805173155678,0.1712430246262029,0.03901643504710841,False,0.16999999999999998,-0.7,0.505,0.15
513,-0.2576591806335041,B,-2.715663254688341,1.4642459344660126,-0.23559959062444583,False,0.355,-0.25555555555555554,0.635,1.45
514,-0.1466465398455772,B,-3.4114761510636566,1.6789018202006976,-0.28691430534333007,False,0.41,-0.14444444444444446,0.655,1.7
515,0.39310679322023645,B,4.286572453155653,2.0221600373764015,0.28080033472069427,False,0.6799999999999999,0.3888888888888889,0.6849999999999999,2.0
516,-0.9608433368091747,B,-4.455245320433488,-1.1076330331592092,-0.36389005189472684,False,0.1,-0.9555555555555555,0.36,-1.1
517,-0.0018064726588350943,B,-0.208828860734789,-0.15317540496501475,-0.050725909145815255,False,0.495,-0.0,0.47000000000000003,-0.15
518,0.3471955071467427,B,-4.285464754648503,-1.6409958517710954,-0.35136909785169057,False,0.6599999999999999,0.34444444444444444,0.29,-1.65
519,-0.6016844442234723,B,1.077543963098433,1.0263970076258722,0.04414133867467082,False,0.22000000000000003,-0.6000000000000001,0.5900000000000001,1.05
520,-0.45675176262137607,B,-1.6947405064310508,-3.062167625103481,-0.16030871882579462,False,0.27,-0.4555555555555555,0.16999999999999998,-3.05
521,-0.6240675060295914,B,2.7168967488966245,0.8890384922955331,0.16504010465768454,False,0.21000000000000002,-0.6222222222222222,0.5700000000000001,0.9
522,0.3976734588519844,B,4.5304467619911595,6.133874372316368,0.2987855440353675,True,0.6849999999999999,0.4,0.9550000000000001,6.15
523,0.7860127942167189,B,0.8465736668518097,2.5092506077445207,0.027107772723000557,False,0.845,0.7888888888888889,0.74,2.5
524,-0.9056444004233146,B,2.3961439063405257,0.6250002398381287,0.1413852677082996,False,0.11000000000000001,-0.911111111111111,0.545,0.65
525,0.5523522862870689,B,-0.10568537977372083,1.3837421738022864,-0.04311929775904528,False,0.755,0.5555555555555556,0.62,1.4
526,0.06106372651821921,B,-1.387187935518596,0.3402675621731272,-0.13762737371183548,False,0.52,0.05555555555555555,0.52,0.35
527,0.048777945911661506,B,0.5634622614553166,-7.269650763096483,0.00622891135486166,False,0.515,0.044444444444444446,0.01,-7.25
528,0.16715750519168834,B,0.25312862199176633,-1.5947296381205591,-0.01665753162384897,False,0.5700000000000001,0.16666666666666666,0.3,-1.6
529,0.6354700300818983,B,-3.241339748070854,2.9682114462345703,-0.2743671090663533,False,0.7849999999999999,0.6333333333333333,0.78,2.95
530,-0.27368375226863945,B,-0.8461606065948037,-3.552140826066596,-0.09772776394106546,False,0.35,-0.2777777777777778,0.135,-3.55
531,0.48982356559365614,B,-1.2700070637683334,-2.0594341765275432,-0.12898553474090116,False,0.725,0.48888888888888893,0.24500000000000002,-2.05
532,-0.8355010469808718,B,2.936173450599908,2.0882784015533775,0.18121129299152733,False,0.13,-0.8333333333333334,0.6950000000000001,2.1
533,0.6052633394006832,B,0.057217371530027705,4.130776258536582,-0.031105567841679303,False,0.78,0.6000000000000001,0.86,4.15
534,-0.6389768753299236,B,0.9137837497639354,-3.3884519535535893,0.03206437276423923,False,0.2,-0.6444444444444444,0.145,-3.4
535,0.008762878963899514,B,0.6928214428478335,1.254813156000964,0.01576887464672468,False,0.495,0.011111111111111112,0.605,1.25
536,-0.5637543771381426,B,2.596353052689347,2.7329443146538868,0.15615026456667852,False,0.23500000000000001,-0.5666666666666667,0.755,2.75
537,-0.5856802076173878,B,0.5882089394023845,2.9334460470203236,0.008053925989843265,False,0.22999999999999998,-0.5888888888888889,0.775,2.95
538,0.7108058246050597,B,-0.30080938811223645,2.037510262288152,-0.05750927655198694,False,0.8150000000000001,0.7111111111111111,0.6900000000000001,2.05
539,-1.1828183027831871,B,-1.5303110248656737,-6.463711418955189,-0.14818239581302,False,0.05,-1.1777777777777778,0.02,-6.45
540,0.42091364317023033,B,0.8802404197052991,-1.3511686385609813,0.02959062382735281,False,0.6950000000000001,0.4222222222222222,0.325,-1.35
541,0.729697104417209,B,-1.2239431616969494,-3.3666571949541604,-0.12558842036439974,False,0.82,0.7333333333333333,0.15,-3.35
542,0.6695818109552459,B,1.6695905161358078,4.936379415400219,0.08780350723704328,False,0.8,0.6666666666666666,0.9099999999999999,4.95
543,-0.31577341906770445,B,-0.11980493631821965,0.23172440669586797,-0.04416058489214161,False,0.325,-0.3111111111111111,0.515,0.25
544,-1.3156254490068275,B,-1.2210118985505212,-0.9470928730278783,-0.1253722459690867,False,0.03,-1.3111111111111111,0.385,-0.95
545,0.9662268690608058,B,-0.47270905013581777,2.602307521166895,-0.07018650941582671,False,0.8949999999999999,0.9666666666666666,0.745,2.6
546,-0.3586270846550038,B,-3.3141621139023236,-1.6182515912947277,-0.2797376029839889,False,0.31,-0.35555555555555557,0.29500000000000004,-1.6
547,2.372623232692288,B,2.210791734758217,1.572993953939931,0.12771594100162478,False,1.0,2.3777777777777778,0.645,1.55
548,-1.637431901623561,B,-0.6637013903601077,-4.9602972756480215,-0.08427178651137378,False,0.01,-1.6333333333333333,0.05500000000000001,-4.95
549,-0.04809043756751393,B,2.7132991510944144,2.129603605442493,0.16477478950492527,False,0.47000000000000003,-0.044444444444444446,0.7,2.15
550,0.1548784432405313,B,0.871105948649491,5.261546931496876,0.028916976099955895,False,0.5599999999999999,0.15555555555555556,0.9199999999999999,5.25
551,-1.0701072352393493,B,-0.4636718450363827,-4.286195253837615,-0.06952003484493371,False,0.065,-1.0666666666666667,0.08499999999999999,-4.3
552,-0.888699198848816,B,-0.21736514489738712,-0.2344441296774622,-0.05135544186767901,False,0.11499999999999999,-0.8888888888888888,0.45999999999999996,-0.25
553,-1.5017157465387472,B,-0.9185147653148138,-2.28028354238986,-0.1030637285844105,False,0.015,-1.5,0.225,-2.3
554,-1.2438976719042287,B,0.09314099055307556,4.461656030965171,-0.028456277678417855,False,0.04,-1.2444444444444445,0.885,4.45
555,-0.9433304856805761,B,3.102843926985173,3.7493475160186556,0.19350288458507717,False,0.1,-0.9444444444444444,0.8300000000000001,3.75
556,-1.2266593104120447,B,-0.04346526482703439,1.4640249794838023,-0.03853069719573634,False,0.045,-1.2222222222222223,0.635,1.45
557,0.02587845228946268,B,-0.09502894835228798,-0.5676018756591974,-0.042333408705880586,False,0.5,0.022222222222222223,0.425,-0.55
558,0.4742471718958068,B,2.2863527874799914,-2.019363795021917,0.13328840722706392,False,0.7150000000000001,0.47777777777777775,0.25,-2.0
559,-0.44623639643960256,B,1.163674466320461,0.8987233790565741,0.050493279296145485,False,0.27,-0.4444444444444444,0.575,0.9
560,0.46208102620513153,B,2.071759503254681,2.9907123674251173,0.11746261092755043,False,0.7150000000000001,0.4666666666666667,0.78,3.0
561,-1.1670279162765171,B,-4.412197438177521,-4.189235417167126,-0.36071536253681996,False,0.05,-1.1666666666666667,0.095,-4.2
562,-0.9122639230076154,B,0.7316682893187302,4.572735829221964,0.01863374658969471,False,0.11000000000000001,-0.911111111111111,0.89,4.55
563,-0.02099283894059408,B,-0.3780100668570637,1.6285259340060652,-0.06320266169407293,False,0.48,-0.022222222222222223,0.65,1.65
564,-0.621883316780879,B,-4.241379566804274,-0.27156942692836017,-0.3481179094225316,False,0.21000000000000002,-0.6222222222222222,0.45499999999999996,-0.25
565,0.5466895202203181,B,5.708072012805232,0.18032281073568335,0.38563289065120754,True,0.75,0.5444444444444445,0.51,0.2
566,1.7027408777087492,B,4.869161020495458,3.890691046216865,0.32376499704192874,True,0.99,1.7000000000000002,0.8400000000000001,3.9
567,1.2917443539592293,B,4.1729456026110645,3.468114189650417,0.2724205972216126,False,0.9550000000000001,1.2888888888888888,0.8099999999999999,3.45
568,-0.08862113036703465,B,-2.6122047129297457,-2.1275460601374405,-0.22796974417688806,False,0.445,-0.08888888888888889,0.24,-2.15
569,0.6030445944407921,B,2.9443296418646066,-3.501117467177103,0.18181279467412179,False,0.775,0.6000000000000001,0.13999999999999999,-3.5
570,-0.47787057617038126,B,1.760893508892375,-5.01742781876217,0.09453690791226797,False,0.26,-0.47777777777777775,0.05500000000000001,-5.0
571,-0.24709359258566307,B,0.7425438771365288,-0.27479913474285617,0.019435797958931602,False,0.36,-0.24444444444444446,0.45499999999999996,-0.25
572,-0.38538501814781384,B,-3.1275895341308537,-1.8871471778995723,-0.2659782737803877,False,0.29500000000000004,-0.3888888888888889,0.265,-1.9
573,-0.5917486002184581,B,-4.223324625976268,2.6427938731941154,-0.3467863961052566,False,0.225,-0.5888888888888889,0.75,2.65
574,0.39805420059019986,B,-0.15294344572332058,6.059898395457404,-0.04660447917060377,False,0.6849999999999999,0.4,0.95,6.05
575,-0.3523197735841115,B,-1.8718903298010043,3.6803885634621554,-0.17337313987358532,False,0.31,-0.35555555555555557,0.825,3.7
576,-0.7813607030025407,B,3.79116421489584,-5.074199761526772,0.24426503543533146,False,0.145,-0.7777777777777778,0.05,-5.05
577,1.2692766700750906,B,2.660101417911741,3.458032786735705,0.1608515703231874,False,0.95,1.2666666666666666,0.8099999999999999,3.45
578,0.43778546447454314,B,-3.5281675122150995,-1.4137604762063225,-0.2955200439532892,False,0.7,0.43333333333333335,0.315,-1.4
579,0.8467938134402593,B,-1.1185103865250015,-1.4727228381796393,-0.11781297841994558,False,0.86,0.8444444444444444,0.315,-1.45
580,0.8722429106767567,B,-2.3075788998324676,1.542788881433661,-0.2055042411996864,False,0.865,0.8777777777777778,0.64,1.55
581,-1.0464402757152829,B,1.6402693486741178,2.28565510048597,0.08564113377233866,False,0.06999999999999999,-1.0444444444444445,0.72,2.3
582,0.10349046336128637,B,-2.496591923649527,1.350273899136482,-0.21944354793839688,False,0.54,0.1,0.615,1.35
583,-0.6181021463826555,B,-0.03866012729715651,-4.092490021109957,-0.03817632856759627,False,0.21000000000000002,-0.6222222222222222,0.095,-4.1
584,0.17586390768049345,B,2.3463772277069643,-0.9545263451566462,0.13771508147017314,False,0.5700000000000001,0.17777777777777778,0.38,-0.95
585,-1.4997367911647483,B,-0.7222661518774952,-2.7073798500393376,-0.08859081256780266,False,0.02,-1.5,0.19,-2.7
586,-0.2462534839154698,B,2.1656114743110058,1.6816908755843822,0.12438399330727938,False,0.365,-0.24444444444444446,0.655,1.7
587,0.654771722687266,B,-1.9259760211631216,5.514105439091767,-0.17736184407420946,False,0.795,0.6555555555555556,0.9349999999999999,5.5
588,0.13091211762923358,B,-4.688549612478395,-6.140333433346716,-0.38109574505066124,False,0.5549999999999999,0.13333333333333333,0.025,-6.15
589,0.3968423997207296,B,3.267902564565601,2.0360726631316037,0.20567560650996478,False,0.6799999999999999,0.4,0.6900000000000001,2.05
590,-0.4193383439762334,B,-2.784325762668535,0.38959934714712896,-0.2406633039117981,False,0.27999999999999997,-0.4222222222222222,0.525,0.4
591,0.9012504713812084,B,-0.5967854043455141,-3.499003243199556,-0.07933687548808117,False,0.8800000000000001,0.8999999999999999,0.13999999999999999,-3.5
592,-1.1677191605752721,B,-1.9003360598799572,-7.238792825698133,-0.17547095170141397,False,0.05,-1.1666666666666667,0.01,-7.25
593,-0.39731655752622974,B,3.291235407168752,1.5522642490526337,0.20739635380855395,False,0.29,-0.4,0.645,1.55
594,-0.2151482176505876,B,0.16873315408027492,3.8548848094227672,-0.022881517097537243,False,0.38,-0.2111111111111111,0.835,3.85
595,-0.29033167377707425,B,-0.48508027599323633,0.6597081440231461,-0.07109886089551802,False,0.33999999999999997,-0.2888888888888889,0.545,0.65
596,0.9829037620469165,B,2.422738108403358,5.098860543053955,0.14334653330015562,False,0.9,0.9777777777777779,0.915,5.1
597,0.39530349867292336,B,-0.9301041728389252,5.889560185786025,-0.10391842263213316,False,0.6799999999999999,0.4,0.945,5.9
598,0.8635219435881796,B,-0.31800997412316945,-3.476914411034496,-0.05877778302656739,False,0.865,0.8666666666666667,0.13999999999999999,-3.5
599,1.128932339623659,B,0.3062564953020257,2.824513030602604,-0.012739464458467673,False,0.93,1.1333333333333333,0.765,2.8
600,-0.8532651626359857,B,-1.3060482247801335,-3.93640537921275,-0.13164349337474102,False,0.125,-0.8555555555555556,0.11499999999999999,-3.95
601,-0.04107672776101214,B,3.2375729950683394,1.6106986462169783,0.20343886554927548,False,0.47000000000000003,-0.044444444444444446,0.65,1.6
602,-0.7499004690761413,B,-3.0747829537518188,1.1968703962879579,-0.2620839012823413,False,0.15,-0.7444444444444445,0.6,1.2
603,1.0647192419562195,B,-0.8602153044496923,8.918406004279872,-0.09876426788435355,False,0.9199999999999999,1.0666666666666667,0.9949999999999999,8.9
604,1.3110219571452342,B,1.3014967658039123,-0.22879686940153032,0.060657379468383704,False,0.96,1.3111111111111111,0.45999999999999996,-0.25
605,-0.559538750769242,B,5.457003630293134,-4.788448113241658,0.36711713377079647,True,0.23500000000000001,-0.5555555555555556,0.065,-4.8
606,-0.5782208906723486,B,-1.0916623378689354,-4.515718588870381,-0.11583299218410317,False,0.22999999999999998,-0.5777777777777778,0.06999999999999999,-4.5
607,-0.7496943732892867,B,-0.13913744422434926,1.0328501743268526,-0.045586316052301824,False,0.155,-0.7444444444444445,0.5900000000000001,1.05
608,0.6113250553509292,B,-6.280042109090193,-1.6829032657093483,-0.4984649169448664,False,0.78,0.6111111111111112,0.29,-1.7
609,-0.14812735550819814,B,-1.0911835912159928,-0.37764774305371995,-0.11579768564114262,False,0.41,-0.14444444444444446,0.445,-0.4
610,0.3120701497437495,B,1.4477672463919489,-3.0804202304926274,0.07144451495016214,False,0.64,0.3111111111111111,0.16999999999999998,-3.1
611,0.6644036704363497,B,0.7694430628775402,-1.1800415609697028,0.021419555445550156,False,0.795,0.6666666666666666,0.35,-1.2
612,-0.616741602082399,B,2.829446129700252,-1.7993731556753338,0.1733403810650508,False,0.215,-0.6222222222222222,0.275,-1.8
613,-0.9068935969677016,B,-3.339431119583282,-1.3500667938714934,-0.2816011381735535,False,0.11000000000000001,-0.911111111111111,0.32999999999999996,-1.35
614,-0.23474682157429896,B,0.02993654373189167,-3.4626547238573857,-0.033117470614750726,False,0.365,-0.23333333333333334,0.13999999999999999,-3.45
615,0.642551947223658,B,-1.460172288629655,-6.984539273925216,-0.1430098138453052,False,0.79,0.6444444444444444,0.015,-7.0
616,-0.37453983382701156,B,-4.112900890776189,-3.124055511156077,-0.3386428815203683,False,0.3,-0.37777777777777777,0.16499999999999998,-3.1
617,0.017602785781270305,B,1.344038866499798,-0.08386029940969779,0.06379476851668026,False,0.495,0.022222222222222223,0.485,-0.1
618,0.18033571862062792,B,1.3950987935684873,-2.1155031822413735,0.06756032906427256,False,0.575,0.17777777777777778,0.24,-2.1
619,-0.07394579317337158,B,2.571834806171094,-6.010598881111313,0.154342096261599,False,0.45499999999999996,-0.07777777777777778,0.03,-6.0
620,0.9060659672388178,B,2.404702274901725,-1.074645756515609,0.14201642910738368,False,0.8800000000000001,0.911111111111111,0.37,-1.05
621,-0.2959259085752704,B,1.0359606003411064,2.6124122765424875,0.041074654501296264,False,0.32999999999999996,-0.30000000000000004,0.745,2.6
622,-0.7124146178223938,B,0.3786995842676617,-6.323680140198489,-0.007396941399479661,False,0.16499999999999998,-0.7111111111111111,0.02,-6.3
623,-1.5014301808619939,B,-2.235695588564589,-7.244993598162213,-0.20020300055011628,False,0.02,-1.5,0.01,-7.25
624,0.3230164452947769,B,0.044107249149590355,3.5471880430147524,-0.03207241136151963,False,0.645,0.3222222222222222,0.82,3.55
625,-0.1571121560496724,B,-3.4892644549589322,5.594609175870212,-0.29265102658498243,False,0.4,-0.15555555555555556,0.9400000000000001,5.6
626,1.3401298843898874,B,-1.5322990253710882,-0.43787451063712224,-0.1483290066035468,False,0.9650000000000001,1.3444444444444443,0.44000000000000006,-0.45
627,0.05527931840949978,B,-0.1423122228122025,-5.103498775574609,-0.045820449191224605,False,0.52,0.05555555555555555,0.05,-5.1
628,0.23074864221116634,B,-1.3836792761344838,-3.3736601338053687,-0.1373686175774215,False,0.595,0.23333333333333334,0.15,-3.35
629,-0.5048733839266799,B,0.997676687065914,-3.841146487182418,0.03825129767897696,False,0.255,-0.5,0.12,-3.85
630,-1.5201674714374351,B,-3.834608113177625,0.5875486931514398,-0.31811938365882053,False,0.015,-1.5222222222222221,0.54,0.6
631,0.18807608478470506,B,1.556143901340585,-4.483187681606645,0.07943706173945946,False,0.575,0.18888888888888888,0.075,-4.5
632,0.2313607567135688,B,3.4521344431061505,0.6710194174526785,0.21926231399796905,False,0.6,0.23333333333333334,0.545,0.65
633,0.24132496068387818,B,-0.36794331326537577,-1.3149089689193318,-0.062460260121187834,False,0.605,0.24444444444444446,0.335,-1.3
634,0.655570829613368,B,1.8521000352028716,-0.7561798184100113,0.10126319439316565,False,0.795,0.6555555555555556,0.4,-0.75
635,1.0652751674624423,B,3.2843915671282673,-3.15375434029666,0.20689163522531326,False,0.9199999999999999,1.0666666666666667,0.16,-3.15
636,0.23451894943847937,B,-0.006312055773850689,2.1215507187526836,-0.03579072739439072,False,0.6,0.23333333333333334,0.7,2.1
637,0.5031885802488663,B,-0.7535025484243159,8.13206806978098,-0.09089443008624179,False,0.735,0.5,0.985,8.15
638,-0.33358470902265264,B,1.5474647305063742,0.8657082377536447,0.07879699143079741,False,0.32,-0.3333333333333333,0.5650000000000001,0.85
639,-0.47425598485996273,B,0.5483114321474325,-1.1277552591159536,0.005111570058460582,False,0.26,-0.47777777777777775,0.36,-1.15
640,0.9239748013298327,B,2.416719648884681,-0.15963476805666132,0.14290268476722834,False,0.885,0.9222222222222223,0.465,-0.15
641,1.8936654916017304,B,6.3240762353899065,-4.346569499577194,0.43106188616455077,True,0.9949999999999999,1.8888888888888888,0.08,-4.35
642,0.37414807072865125,B,2.2596186299930747,-2.1018806877791048,0.13131682022165306,False,0.67,0.37777777777777777,0.24,-2.1
643,-0.4239821858442345,B,3.691511745463095,-2.2354933363328566,0.23691587869131017,False,0.27999999999999997,-0.4222222222222222,0.22999999999999998,-2.25
644,-1.0886351638229688,B,-2.197589237173884,2.165795900561987,-0.19739273853747194,False,0.06,-1.088888888888889,0.705,2.15
645,0.8907773915407706,B,1.254318957002401,5.282094458398105,0.05717811685005219,False,0.8699999999999999,0.8888888888888888,0.9199999999999999,5.3
646,0.10912230687921366,B,2.3054880883222557,-4.8492841139229395,0.13469959478753588,False,0.54,0.1111111111111111,0.06,-4.85
647,-0.3554711147483954,B,4.89169570294803,1.4488780131711871,0.32542688173443474,True,0.31,-0.35555555555555557,0.63,1.45
648,-0.9253190774262181,B,1.2177889106082314,0.35411417010701807,0.054484103963614805,False,0.10500000000000001,-0.9222222222222223,0.525,0.35
649,-1.0311097236775244,B,-2.6874428225155866,-3.5757040256958845,-0.23351839403592012,False,0.075,-1.0333333333333334,0.135,-3.6
650,-0.39431380797774856,B,5.324656778110739,1.0219053050098013,0.35735683614041336,True,0.29,-0.3888888888888889,0.5900000000000001,1.0
651,0.4100403363370287,B,0.47012470095925113,2.329506905673307,-0.0006545343449270548,False,0.6950000000000001,0.41111111111111115,0.725,2.35
652,-0.9741931449317182,B,-9.1643664391643,0.8788334010041533,-0.7111776748220288,False,0.095,-0.9777777777777779,0.5700000000000001,0.9
653,-1.2175023501687317,B,-4.3419086236385285,-1.6058262733435515,-0.35553171261485667,False,0.045,-1.2222222222222223,0.29500000000000004,-1.6
654,-0.43392743892006497,B,-2.7780026919313183,7.5404497687240415,-0.2401969909522111,False,0.275,-0.43333333333333335,0.9800000000000001,7.55
655,0.15974993676224034,B,4.5413237879896355,-2.354018438137032,0.29958770146735714,True,0.5650000000000001,0.15555555555555556,0.225,-2.35
656,1.0496298023135628,B,1.5355487795919818,2.4906724131005236,0.07791821550560035,False,0.915,1.0444444444444445,0.735,2.5
657,0.7610919996837784,B,-1.0987646737387187,5.46504279669535,-0.11635677428255835,False,0.835,0.7555555555555555,0.93,5.45
658,-0.11257000373267748,B,-2.657345838252015,-4.376804064803314,-0.2312988057393691,False,0.43,-0.1111111111111111,0.08,-4.4
659,-0.34180203455841096,B,2.7656647937504575,-2.7386734097357097,0.1686366437878279,False,0.315,-0.34444444444444444,0.19,-2.75
660,0.30384790053597693,B,-4.054056704018551,-1.9800663845738027,-0.3343032484493766,False,0.64,0.30000000000000004,0.255,-2.0
661,0.4096954480016348,B,0.9531976188469257,-2.5726415467038626,0.03497106141358293,False,0.6900000000000001,0.41111111111111115,0.2,-2.55
662,-0.606873169898991,B,1.4331522489291242,4.748706412711609,0.07036669010769538,False,0.22000000000000003,-0.6111111111111112,0.9,4.75
663,-0.679796935016113,B,1.4262812700252283,-5.1378852465179525,0.06985997009125189,False,0.175,-0.6777777777777777,0.05,-5.15
664,0.2607115124776963,B,-2.3939490669319095,1.3915893510961173,-0.2118738565201527,False,0.615,0.25555555555555554,0.62,1.4
665,-0.3309277416540482,B,3.3435952188805267,1.9329947978530024,0.21125777807177276,False,0.32,-0.3333333333333333,0.6799999999999999,1.95
666,0.2155502714540024,B,-0.8251814891473491,-1.59906854559665,-0.09618059884470394,False,0.5900000000000001,0.2111111111111111,0.3,-1.6
667,-0.05089988909291913,B,-1.5603317239545464,1.7459676860298006,-0.15039635824089662,False,0.465,-0.05555555555555555,0.6599999999999999,1.75
668,-0.01773531245341239,B,-3.0673707916604345,0.8413668641177048,-0.2615372701618909,False,0.485,-0.022222222222222223,0.5650000000000001,0.85
669,-1.3043669376520377,B,2.825484862286001,-1.0888585044619274,0.17304824605527103,False,0.034999999999999996,-1.2999999999999998,0.365,-1.1
670,-1.074551842061629,B,-1.928135855169257,1.6625621335025382,-0.17752112721834537,False,0.065,-1.0777777777777777,0.655,1.65
671,0.2361588626949403,B,-2.447202738836277,2.2731130277340332,-0.2158012010631197,False,0.605,0.23333333333333334,0.72,2.25
672,0.8724288607492292,B,1.9249631403021834,-3.5152452397996026,0.10663669274477783,False,0.8699999999999999,0.8777777777777778,0.135,-3.5
673,0.4842876027525534,B,2.144647607289213,-1.4390936144797049,0.12283795289723262,False,0.72,0.48888888888888893,0.315,-1.45
674,0.5381344883306483,B,-0.9372890059143779,-2.6235700166075016,-0.10444828872327672,False,0.75,0.5333333333333333,0.2,-2.6
675,-0.11068417133723446,B,2.831141851253453,1.2834471063122173,0.17346543690721536,False,0.43,-0.1111111111111111,0.605,1.3
676,-0.2825192119632882,B,3.544260257746954,-4.056545909518666,0.226056396029452,False,0.33999999999999997,-0.2777777777777778,0.1,-4.05
677,0.8912439349534867,B,1.4477774687513736,-2.4552188514721025,0.0714452688273328,False,0.875,0.8888888888888888,0.21000000000000002,-2.45
678,-1.0226336286990734,B,0.8418581576842068,4.02066733824073,0.02676001399511503,False,0.08,-1.0222222222222221,0.8550000000000001,4.0
679,-0.7634244571157756,B,6.164790986084849,-0.5482873217667662,0.41931493929191543,True,0.145,-0.7666666666666667,0.425,-0.55
680,0.2989479369617948,B,-3.2233180357622704,-2.0428240420964037,-0.2730380462814032,False,0.635,0.30000000000000004,0.25,-2.05
681,-0.44421914729011774,B,0.9218204131054166,-1.3978061920526748,0.03265705951783078,False,0.275,-0.4444444444444444,0.32,-1.4
682,-0.9766714193490618,B,2.5867064920268126,-0.32365330405817083,0.15543885132470645,False,0.095,-0.9777777777777779,0.45,-0.3
683,-0.9891333818923927,B,-2.5305095896193417,-5.335681315805844,-0.2219449033490799,False,0.095,-0.9888888888888889,0.045,-5.35
684,0.3490510963967442,B,0.4721204487942006,2.4386024618161892,-0.000507352205396798,False,0.6599999999999999,0.34444444444444444,0.735,2.45
685,0.028475529937431104,B,-5.643216716303045,-6.809692903022873,-0.4515004046070736,False,0.505,0.03333333333333333,0.015,-6.8
686,-1.2509417389095094,B,4.448504074643986,-3.5926107071892472,0.29274244588869147,True,0.04,-1.2555555555555555,0.13,-3.6
687,-0.2816973572207943,B,1.2525576650981831,-3.414270196084286,0.05704822533457089,False,0.34500000000000003,-0.2777777777777778,0.145,-3.4
688,-1.2306864739950671,B,-6.515971133419509,-1.0070413144711867,-0.5158641784998481,False,0.04,-1.2333333333333334,0.375,-1.0
689,-1.0520302047220473,B,0.12827208144094548,2.6289313327171326,-0.02586543477213482,False,0.065,-1.0555555555555556,0.75,2.65
690,1.2069060286881577,B,7.493799411390714,4.923237726815356,0.5173264716432484,True,0.9400000000000001,1.2111111111111112,0.905,4.9
691,0.07257659116576089,B,3.522677671596125,1.26459950817729,0.22446472640534065,False,0.525,0.07777777777777778,0.605,1.25
692,0.4386416525445421,B,-1.164317156577828,-0.7221270401272774,-0.12119112985936133,False,0.7,0.43333333333333335,0.40499999999999997,-0.7
693,-0.14885476553746568,B,4.515002764570149,-4.012323663314876,0.2976465822168863,True,0.41,-0.14444444444444446,0.10500000000000001,-4.0
694,1.2835889857771197,B,-0.3607326885874931,5.3769561349181405,-0.061928491954460846,False,0.9550000000000001,1.2888888888888888,0.925,5.4
695,0.4876667474501424,B,0.5491588649945134,4.797813810975181,0.005174066420654926,False,0.725,0.48888888888888893,0.9,4.8
696,-0.09930379815732794,B,0.6404656919150625,1.8447556111335492,0.011907749857282778,False,0.44000000000000006,-0.1,0.67,1.85
697,-0.3618055769191566,B,1.4106734335281172,-0.7952784659450194,0.06870892549089967,False,0.305,-0.36666666666666664,0.395,-0.8
698,0.9008717514683868,B,-0.5479575980820639,-0.30853124594555803,-0.0757359290816403,False,0.875,0.8999999999999999,0.45,-0.3
699,0.46738019120004587,B,-1.9733154864696631,-2.542444336574627,-0.1808530285144579,False,0.7150000000000001,0.4666666666666667,0.205,-2.55
700,1.5800747688776906,B,-2.520251124024799,-2.9605990876009467,-0.22118836342551762,False,0.985,1.5777777777777777,0.175,-2.95
701,-0.36907175025583,B,-5.66741105995638,-5.861501505483728,-0.4532846857677836,False,0.305,-0.36666666666666664,0.03,-5.85
702,-1.7972154369454538,B,-1.1728738620825943,0.23184936231560882,-0.1218221686115861,False,0.01,-1.7999999999999998,0.515,0.25
703,0.49427713832918413,B,3.2481866368899355,3.0431614496804977,0.20422159896085892,False,0.725,0.48888888888888893,0.7849999999999999,3.05
704,0.1573002554484262,B,-0.18611682325854292,-5.968311484532378,-0.04905094489917742,False,0.5650000000000001,0.15555555555555556,0.03,-5.95
705,-0.4700978689888451,B,2.826261179797343,1.9519740447847258,0.1731054978133705,False,0.265,-0.4666666666666667,0.6799999999999999,1.95
706,-0.2270045336929462,B,-1.0102469000761511,-0.47861184109081634,-0.10982877756575796,False,0.37,-0.2222222222222222,0.43499999999999994,-0.5
707,-1.1648868386480409,B,1.192595284149125,-3.4052426877845443,0.05262612783063746,False,0.05,-1.1666666666666667,0.145,-3.4
708,0.7629506438778935,B,-0.9895058262859489,0.17419695905230648,-0.10829916768061226,False,0.835,0.7666666666666667,0.51,0.15
709,-0.007630705655701888,B,4.456790463359487,-0.756354147182225,0.293353549355156,True,0.49000000000000005,-0.011111111111111112,0.4,-0.75
710,1.0010553532625275,B,2.270665173849316,1.4358741674331474,0.13213147923353047,False,0.905,1.0,0.63,1.45
711,-0.31801354830114154,B,0.1311870898405687,-0.38305816525427033,-0.025650459129675427,False,0.325,-0.3222222222222222,0.44000000000000006,-0.4
712,-0.18849682333351117,B,-4.108999825819696,-1.6879276708207624,-0.33835518631324435,False,0.39,-0.18888888888888888,0.28500000000000003,-1.7
713,0.7312032446807153,B,1.6892555889042118,-0.1002206350827699,0.08925376434537437,False,0.82,0.7333333333333333,0.48,-0.1
714,0.2658912306360077,B,0.8710853563337945,-4.144533871394116,0.02891545746066238,False,0.62,0.26666666666666666,0.095,-4.15
715,-0.09643499507631861,B,-4.695563582087435,0.7867146299616355,-0.3816130103261537,False,0.44000000000000006,-0.1,0.5549999999999999,0.8
716,0.23630558225004625,B,1.7602362650789913,-1.0012256712007477,0.09448843758502883,False,0.605,0.23333333333333334,0.375,-1.0
717,1.3068096137024297,B,3.7660955382318098,7.2721247043394905,0.24241627408282443,False,0.9550000000000001,1.3111111111111111,0.975,7.25
718,0.484954510459321,B,-0.635576566870705,1.7979069228500386,-0.08219764085900692,False,0.72,0.48888888888888893,0.665,1.8
719,0.14544349668955867,B,0.47134747253208575,-4.012289975056214,-0.0005643575535033367,False,0.5599999999999999,0.14444444444444446,0.10500000000000001,-4.0
720,1.216765568075571,B,3.688121478483872,0.6901627813596,0.23666585374384805,False,0.945,1.2222222222222223,0.545,0.7
721,0.5803890759500252,B,3.7269244662284997,1.3062777455303678,0.23952749119944633,False,0.765,0.5777777777777778,0.61,1.3
722,0.23594061106234288,B,-1.534842363828036,-3.959995254576484,-0.14851657238169166,False,0.6,0.23333333333333334,0.11000000000000001,-3.95
723,-0.8242980024018198,B,-4.638868371336718,-3.618365417864001,-0.37743185964505055,False,0.135,-0.8222222222222223,0.125,-3.6
724,0.8922329992190984,B,3.5069090705632484,0.016622453230103695,0.22330182576389937,False,0.875,0.8888888888888888,0.49000000000000005,0.0
725,0.2761813229012973,B,0.7174822410681816,1.4504573046493936,0.017587555835316144,False,0.625,0.2777777777777778,0.63,1.45
726,-1.5326549990666836,B,-3.1877648361545927,-1.9949087053311527,-0.2704160737587389,False,0.015,-1.5333333333333334,0.255,-2.0
727,0.13074520207271245,B,3.673824808590463,0.7601559141589673,0.23561150487961743,False,0.55,0.13333333333333333,0.5549999999999999,0.75
728,-0.7446303576216182,B,-1.7831599200399406,-6.078329259260447,-0.16682946169875207,False,0.155,-0.7444444444444445,0.025,-6.1
729,0.9044989061521436,B,3.8308895118986683,-0.35438702171695957,0.24719469122849388,False,0.8800000000000001,0.8999999999999999,0.445,-0.35
730,-0.009715865225181673,B,3.774019905198403,-1.9748859711832638,0.2430006792186544,False,0.49000000000000005,-0.011111111111111112,0.26,-1.95
731,0.09350746155809507,B,-1.608797666120409,1.5562400695530567,-0.15397061794315098,False,0.53,0.08888888888888889,0.645,1.55
732,-0.31567848680434,B,2.0276330732412045,-5.247851994299628,0.11420838097651055,False,0.32999999999999996,-0.3111111111111111,0.045,-5.25
733,-0.6079403769790244,B,1.5662486291195046,-8.662552917675578,0.08018226382753282,False,0.215,-0.6111111111111112,0.005,-8.65
734,0.3402072196054293,B,1.5680298293074812,-3.398290367403677,0.08031362353641346,False,0.655,0.34444444444444444,0.145,-3.4
735,-1.0261470574614944,B,0.20483910278683015,-4.0102628210444635,-0.020218780509608028,False,0.075,-1.0222222222222221,0.10500000000000001,-4.0
736,0.7065739033626229,B,2.596419871783819,3.9671994123566376,0.15615519233215755,False,0.8099999999999999,0.7111111111111111,0.85,3.95
737,-0.24897671335315283,B,2.006061094253101,8.327091151310073,0.1126174936079913,False,0.36,-0.24444444444444446,0.99,8.35
738,0.3784975918008244,B,2.298641741597946,2.0096466949310208,0.13419469134171785,False,0.675,0.37777777777777777,0.6849999999999999,2.0
739,-0.18720845437876688,B,-4.6646614734450385,-2.946380203098925,-0.37933404582656327,False,0.39,-0.18888888888888888,0.18,-2.95
740,-0.1416661703353471,B,-1.7419230698427508,-1.6367222001140027,-0.16378833208647078,False,0.41500000000000004,-0.14444444444444446,0.29,-1.65
741,-0.06016023226735234,B,-0.1991882929891924,-4.024982730624653,-0.0500149378686653,False,0.45999999999999996,-0.05555555555555555,0.1,-4.0
742,0.21114577235407617,B,3.238901525000089,2.807539943744093,0.2035368417937492,False,0.585,0.2111111111111111,0.76,2.8
743,0.4719492243440151,B,3.328357582892356,-1.3001854530054253,0.21013403496813618,False,0.7150000000000001,0.4666666666666667,0.335,-1.3
744,0.485193601170271,B,4.099450503808205,3.9631991863084948,0.2670004906844226,False,0.725,0.48888888888888893,0.85,3.95
745,-0.2033443287628747,B,1.3260864652995124,-2.162449708675594,0.06247081727790541,False,0.385,-0.2,0.23500000000000001,-2.15
746,-0.33430383889519116,B,-1.3718480818691814,0.7004506510963642,-0.1364960922740385,False,0.315,-0.3333333333333333,0.55,0.7
747,-0.07093907781549197,B,-1.0439732877038466,-3.150821461733178,-0.11231602660731667,False,0.45499999999999996,-0.06666666666666667,0.16,-3.15
748,-0.6372546351034308,B,-0.4463442723844423,4.966820706832315,-0.0682421633768466,False,0.2,-0.6333333333333333,0.9099999999999999,4.95
749,0.2567017232616695,B,0.2278259667095633,-0.7053946145042012,-0.018523548399623373,False,0.615,0.25555555555555554,0.40499999999999997,-0.7
750,0.38812873530398206,B,0.608852960429914,1.8595591988928217,0.00957637844106504,False,0.675,0.3888888888888889,0.675,1.85
751,1.1578653464720665,B,-2.145520704532345,-0.9091768364733219,-0.19355279548345544,False,0.9349999999999999,1.1555555555555557,0.385,-0.9
752,0.3413027290819364,B,-0.14292597801936557,2.187098609787724,-0.045865712326654935,False,0.655,0.34444444444444444,0.705,2.2
753,0.7358545137175386,B,-3.757974217152265,4.417435104037607,-0.3124677975315395,False,0.82,0.7333333333333333,0.8800000000000001,4.4
754,-0.6691154257003294,B,0.8700424769174798,-6.143987771282287,0.028838547331498123,False,0.185,-0.6666666666666666,0.025,-6.15
755,-0.1271241462165477,B,-6.830134281279013,-7.971455606053922,-0.5390330395422014,False,0.425,-0.12222222222222223,0.005,-7.95
756,0.6249105061782367,B,2.5608446222381422,-3.358262286905524,0.1535315936736687,False,0.7849999999999999,0.6222222222222222,0.15,-3.35
757,0.11624992114527376,B,5.362682886000727,4.405886261790607,0.3601611803662953,True,0.545,0.1111111111111111,0.8800000000000001,4.4
758,-0.15006588935120876,B,0.08440906286991917,6.23880249523157,-0.02910023869199098,False,0.40499999999999997,-0.15555555555555556,0.96,6.25
759,-0.21583655054251583,B,-1.08047719178814,-2.4514411740504585,-0.11500811155424563,False,0.375,-0.2111111111111111,0.21000000000000002,-2.45
760,1.1275251912293485,B,2.124642939395721,4.367463807692117,0.12136265137386609,False,0.93,1.1222222222222222,0.8800000000000001,4.35
761,-0.6643851067367921,B,-0.03924304994841832,0.7967044520498718,-0.038219317867893086,False,0.19,-0.6666666666666666,0.5599999999999999,0.8
762,1.4339884071499573,B,-1.0200476002119625,5.136635805521168,-0.11055155826461298,False,0.975,1.4333333333333333,0.915,5.15
763,0.4816395738958873,B,1.2261851454120594,-4.848467890731967,0.05510330834444135,False,0.72,0.47777777777777775,0.06,-4.85
764,0.7025474547147055,B,-1.0683026832374065,2.5346670615517883,-0.11411026755569673,False,0.8099999999999999,0.7,0.74,2.55
765,0.2893219340508215,B,-0.7777924613917162,2.020450654799195,-0.09268575927970986,False,0.63,0.2888888888888889,0.6849999999999999,2.0
766,-1.2331511430054944,B,0.2984570509375708,-1.8160629499339285,-0.013314656819248425,False,0.04,-1.2333333333333334,0.275,-1.8
767,-0.6432822414724709,B,1.3816196455003436,-4.800621830276921,0.066566270688273,False,0.195,-0.6444444444444444,0.065,-4.8
768,0.3773199377853977,B,-1.3297176367554346,3.9366791765502587,-0.13338906194555003,False,0.67,0.37777777777777777,0.845,3.95
769,0.42295254101765906,B,-4.5249868860786995,-2.63270970017615,-0.3690333433798016,False,0.7,0.4222222222222222,0.2,-2.65
770,-0.12454961907744212,B,-2.4387362749766788,-3.300378841859342,-0.21517681743945274,False,0.425,-0.12222222222222223,0.155,-3.3
771,-0.6786183791572865,B,-6.012299691052054,-0.9566258911723,-0.47871948556332367,False,0.18,-0.6777777777777777,0.38,-0.95
772,0.04581372179494287,B,-1.180340439411978,-2.2376890707143318,-0.12237281273959771,False,0.515,0.044444444444444446,0.22999999999999998,-2.25
773,0.5299582005070291,B,-1.3651927415500138,1.7277271602847957,-0.13600527514257368,False,0.75,0.5333333333333333,0.6599999999999999,1.75
774,-0.3389988155131262,B,2.114214159145571,-0.347578345410604,0.1205935511082773,False,0.315,-0.34444444444444444,0.445,-0.35
775,1.0864302053790231,B,1.2201795206583097,2.157186004216476,0.05466040634800996,False,0.9199999999999999,1.088888888888889,0.705,2.15
776,-1.2115869045156076,B,-0.8022369939275213,-2.3998171857097015,-0.09448849133605094,False,0.045,-1.2111111111111112,0.215,-2.4
777,-0.8613736436860603,B,0.5786395198863464,-1.198977141630899,0.007348201742637093,False,0.125,-0.8666666666666667,0.34500000000000003,-1.2
778,-0.13399777465135285,B,4.51724771721025,-4.196702437885486,0.29781214267844747,True,0.42000000000000004,-0.13333333333333333,0.09,-4.2
779,0.07857587848295283,B,1.7268197562252103,3.98339646782182,0.09202404144108624,False,0.525,0.07777777777777778,0.85,4.0
780,-0.664295406866234,B,1.1806445193636184,-0.17005904020201768,0.05174478445681476,False,0.19,-0.6666666666666666,0.465,-0.15
781,0.20455398547049478,B,1.5473179229488152,0.9096933547498893,0.07878616468703632,False,0.58,0.2,0.575,0.9
782,-0.7948447263413174,B,2.716119798332522,-5.974210762463536,0.16498280621329628,False,0.13999999999999999,-0.8,0.03,-5.95
783,-0.9736725995028118,B,3.4627612672328225,-4.280458067938762,0.22004601957639194,False,0.095,-0.9777777777777779,0.08499999999999999,-4.3
784,-0.08046943972497238,B,5.049146208080193,2.8291483194983553,0.33703852014368196,True,0.45,-0.07777777777777778,0.765,2.85
785,0.9834276672147313,B,-0.921389985848873,0.535785387082581,-0.10327576995677898,False,0.905,0.9888888888888889,0.5349999999999999,0.55
786,0.7356012412759925,B,0.4653848983006721,-0.3432881036819748,-0.0010040846658765543,False,0.82,0.7333333333333333,0.45,-0.35
787,-0.43875549119652657,B,0.6240732876547399,-1.569012033311351,0.010698845060379795,False,0.275,-0.43333333333333335,0.305,-1.55
788,-0.3971571060434353,B,-2.8868172987779013,-3.26154394480386,-0.2482218357584334,False,0.29,-0.4,0.155,-3.25
789,-0.05208533351942209,B,-0.25282548026409973,-2.334937050839067,-0.05397056585094781,False,0.465,-0.05555555555555555,0.225,-2.35
790,0.7659924261666309,B,2.8483710792382446,-4.9745001620253095,0.17473605566618317,False,0.835,0.7666666666666667,0.05500000000000001,-4.95
791,-0.2923218961230092,B,3.593833483127262,-0.47044384017809965,0.22971231550340399,False,0.335,-0.2888888888888889,0.43499999999999994,-0.45
792,-0.8936955316827302,B,-2.6274786195030106,-4.250092246315371,-0.22909616215869452,False,0.11499999999999999,-0.8888888888888888,0.09,-4.25
793,-0.39408209095671726,B,4.287283707064771,0.8122217942181615,0.28085278817711795,False,0.29500000000000004,-0.3888888888888889,0.5599999999999999,0.8
794,-0.4706726331398117,B,-2.1402679456472486,-5.96615945143279,-0.19316541573657245,False,0.265,-0.4666666666666667,0.03,-5.95
795,-0.8779752571655508,B,-2.508379762105088,-10.215231368450885,-0.2203128758434277,False,0.11499999999999999,-0.8777777777777778,0.0,-10.2
796,1.065611920742172,B,4.627592739603514,-2.5012375230569117,0.3059498523619787,True,0.9199999999999999,1.0666666666666667,0.21000000000000002,-2.5
797,0.36029030028486947,B,1.2814251862202795,5.36566067346424,0.05917714335080542,False,0.665,0.35555555555555557,0.925,5.35
798,1.3855309674648373,B,4.614789326568082,-0.17146112015192982,0.3050056280011429,True,0.97,1.3888888888888888,0.465,-0.15
799,-0.8651759305539578,B,0.16704576572127638,-0.12677512364714816,-0.023005958384430647,False,0.12,-0.8666666666666667,0.475,-0.15
800,0.9350229649243335,B,1.9871180689508519,-4.679413901905492,0.11122048595785827,False,0.89,0.9333333333333333,0.06999999999999999,-4.7
801,-0.44568217480271893,B,-1.129084324233609,-0.5430431458931565,-0.11859278373801167,False,0.27,-0.4444444444444444,0.425,-0.55
802,0.6025591293872294,B,5.044884648401691,1.8659646786013897,0.3367242392208951,True,0.775,0.6000000000000001,0.675,1.85
803,0.5429566377452331,B,-3.4173238518176863,-2.144602178001704,-0.2873455607821378,False,0.75,0.5444444444444445,0.23500000000000001,-2.15
804,1.2295723058196282,B,-1.5398404309348799,-1.2255304503107236,-0.14888516915399863,False,0.945,1.2333333333333334,0.33999999999999997,-1.25
805,0.38952792316739837,B,2.791773932466773,4.395272658995084,0.17056213699406597,False,0.675,0.3888888888888889,0.8800000000000001,4.4
806,-0.5190047284553799,B,1.5920925977084823,-2.3975650270846627,0.08208820130333358,False,0.24500000000000002,-0.5222222222222223,0.22000000000000003,-2.4
807,-1.5028045663023708,B,-1.8236307409821504,-1.055876983648775,-0.16981409828986282,False,0.015,-1.5,0.37,-1.05
808,-1.4900089638209333,B,-2.8903819794331107,-3.3752989311102706,-0.24848472334191868,False,0.02,-1.488888888888889,0.15,-3.4
809,-0.41753544698744716,B,-1.6395967804589562,-4.675772730047475,-0.15624198683284798,False,0.28500000000000003,-0.4222222222222222,0.06999999999999999,-4.7
810,0.23712230931621672,B,1.3288244819179937,-1.5738521798278542,0.06267274015459373,False,0.605,0.23333333333333334,0.3,-1.55
811,1.249862175335082,B,-0.5591206592749332,4.452845891594175,-0.0765591809981908,False,0.945,1.2444444444444445,0.885,4.45
812,-0.6817519075396025,B,0.23149815130877693,-3.116052153845372,-0.018252732629916675,False,0.175,-0.6777777777777777,0.16499999999999998,-3.1
813,0.017817129016843885,B,-5.106401924667427,-1.734911725856132,-0.4119114604625249,False,0.5,0.022222222222222223,0.28500000000000003,-1.75
814,-0.2804917134753396,B,2.7014534361536158,-0.7257283740155871,0.16390119333274333,False,0.34500000000000003,-0.2777777777777778,0.4,-0.75
815,0.31709078725215484,B,2.9257052959515724,1.8613272007628754,0.18043928894818353,False,0.645,0.3222222222222222,0.675,1.85
816,2.3423407184220886,B,4.4656966813219405,2.241698355245333,0.29401036390451013,True,1.0,2.3444444444444446,0.71,2.25
817,1.5355638915915157,B,-0.937574185778516,-3.0093427154975005,-0.10446932012905844,False,0.985,1.5333333333333334,0.175,-3.0
818,0.6023966119995717,B,2.4721909090999263,0.24137513307165104,0.1469935717109319,False,0.77,0.6000000000000001,0.515,0.25
819,0.1559520318924909,B,1.7270085588038573,2.237340789814457,0.09203796522794322,False,0.5650000000000001,0.15555555555555556,0.71,2.25
820,0.33094576496941325,B,-1.152932704771056,-0.21621496417444647,-0.120351550857968,False,0.655,0.3333333333333333,0.465,-0.2
821,-0.6665568979191179,B,0.5842767669740585,-0.05793678033948635,0.007763936673123023,False,0.185,-0.6666666666666666,0.49000000000000005,-0.05
822,-1.0268049828370913,B,-3.274079588998789,4.5901644119068665,-0.2767816023962562,False,0.075,-1.0222222222222221,0.8949999999999999,4.6
823,-1.0948163957411328,B,0.5295348469084791,-1.0964409643557287,0.003726837007447978,False,0.06,-1.1,0.365,-1.1
824,-1.013224349011081,B,-1.7453348151422312,-0.13600580064817958,-0.16403994101417008,False,0.08,-1.011111111111111,0.47000000000000003,-0.15
825,0.7911718471305336,B,6.0962107535557735,1.9435962043790322,0.4142572936433271,True,0.845,0.7888888888888889,0.6799999999999999,1.95
826,0.060440760519019095,B,0.12757184302494995,-0.45772688793069743,-0.025917075859471943,False,0.52,0.05555555555555555,0.43499999999999994,-0.45
827,-0.6559588938491533,B,-2.0459300196095844,2.4160572693429088,-0.18620819521506204,False,0.195,-0.6555555555555556,0.735,2.4
828,-0.8646326307918087,B,2.612715480685938,1.111610698377798,0.15735695867816632,False,0.12,-0.8666666666666667,0.595,1.1
829,-0.40901117721289243,B,1.3270155583943724,-0.38614122808760004,0.06253933590893164,False,0.28500000000000003,-0.41111111111111115,0.44000000000000006,-0.4
830,-0.6973419619318283,B,-2.300004249472363,-2.010203440924435,-0.20494562691652374,False,0.16999999999999998,-0.7,0.255,-2.0
831,-0.8551444377939911,B,-2.5090264961843665,-1.1337460527835206,-0.2203605711002274,False,0.125,-0.8555555555555556,0.355,-1.15
832,-0.3146810942068353,B,3.692297740376369,0.7855219549721547,0.23697384413712938,False,0.32999999999999996,-0.3111111111111111,0.5549999999999999,0.8
833,-0.23198085883064237,B,0.20555206605956758,-4.381661933052541,-0.02016620099126891,False,0.37,-0.23333333333333334,0.08,-4.4
834,-0.6417877938253165,B,-0.21449166733840103,8.829864750751579,-0.05114352903599882,False,0.2,-0.6444444444444444,0.9949999999999999,8.85
835,0.03662909603416339,B,-0.08710506003313179,-1.7817565641350623,-0.041749038869276583,False,0.51,0.03333333333333333,0.275,-1.8
836,0.7065191444891811,B,0.8809380452241733,3.241586672620015,0.02964207221910888,False,0.8099999999999999,0.7111111111111111,0.8,3.25
837,0.32729305659922386,B,-0.8881316015973979,1.2278541869368589,-0.10082303516447223,False,0.65,0.3222222222222222,0.6,1.25
838,-0.6597788365344063,B,0.1523253732026546,1.0498255111585504,-0.024091555887118542,False,0.19,-0.6555555555555556,0.5900000000000001,1.05
839,0.7530368153543716,B,3.457286657111583,-5.5190438576662695,0.21964227877475984,False,0.825,0.7555555555555555,0.04,-5.5
840,-0.6230535511816638,B,1.8733693420033282,-2.8346819081378167,0.10283176033441135,False,0.21000000000000002,-0.6222222222222222,0.185,-2.85
841,-0.9958020871056903,B,-5.946940763714102,2.3375293018348184,-0.4738994042912596,False,0.09,-1.0,0.725,2.35
842,0.18885939975222513,B,-2.477784441143635,4.232637897028357,-0.21805653627994998,False,0.58,0.18888888888888888,0.865,4.25
843,-0.7229003920882097,B,0.13479056089719255,-1.1532616075962954,-0.025384710836949518,False,0.16499999999999998,-0.7222222222222222,0.355,-1.15
844,-0.5582439549086107,B,4.209983459678032,-5.059579181668747,0.27515206006038856,False,0.24,-0.5555555555555556,0.05500000000000001,-5.05
845,0.12803999182573142,B,1.0613228166347481,-4.647314048090669,0.04294506377443062,False,0.55,0.13333333333333333,0.06999999999999999,-4.65
846,1.3023963418942122,B,1.0657556237940629,2.4304353942854524,0.043271973833110204,False,0.9550000000000001,1.2999999999999998,0.735,2.45
847,0.5138448276077257,B,1.3133614730782064,-3.781831785903426,0.0615323762845897,False,0.74,0.5111111111111111,0.12,-3.8
848,0.3696845051652084,B,0.28730732540636733,0.808315977712871,-0.014136925259238587,False,0.665,0.36666666666666664,0.5599999999999999,0.8
849,0.6826453845488856,B,-2.8377952486421574,-1.2043188444092985,-0.24460656428135277,False,0.805,0.6777777777777777,0.34500000000000003,-1.2
850,-0.14946595988954464,B,0.9686499659006693,-1.5638308909201113,0.03611063899964185,False,0.40499999999999997,-0.14444444444444446,0.305,-1.55
851,0.1686667046275014,B,0.03809016712876548,3.7937177328779508,-0.03251615830692291,False,0.5700000000000001,0.16666666666666666,0.835,3.8
852,1.1629474585861541,B,-0.722988293217163,4.176916006682927,-0.08864406894897181,False,0.9349999999999999,1.1666666666666667,0.865,4.2
853,-0.09440338225411274,B,0.5798646405705145,-0.6350976932367058,0.0074385517760035,False,0.44000000000000006,-0.08888888888888889,0.41500000000000004,-0.65
854,1.142021201106251,B,5.076847462686048,-0.05987993599615504,0.3390814284957109,True,0.93,1.1444444444444446,0.49000000000000005,-0.05
855,0.10256376581766591,B,2.274887014681636,-0.11777736460579072,0.13244283097625842,False,0.54,0.1,0.48,-0.1
856,0.47638470266201177,B,2.0555706105032354,-0.24109558175563156,0.1162687146696878,False,0.72,0.47777777777777775,0.45499999999999996,-0.25
857,0.6545556116621084,B,1.2137414581952348,2.224711354847985,0.05418561299428511,False,0.79,0.6555555555555556,0.71,2.2
858,-0.7862769067569142,B,-4.1157917744088826,-7.6813842210676455,-0.3388560780128018,False,0.13999999999999999,-0.7888888888888889,0.005,-7.7
859,-0.9513260819409556,B,-0.532191977279047,2.111408457340563,-0.07457324822578486,False,0.1,-0.9555555555555555,0.7,2.1
860,0.0626734948481922,B,-0.2837828466395628,1.5103917598873888,-0.056253605490310866,False,0.52,0.06666666666666667,0.64,1.5
861,-0.6713574567112007,B,-0.66066044286499,0.30132364567245806,-0.08404752312965157,False,0.18,-0.6666666666666666,0.52,0.3
862,-0.4777409713876232,B,-1.873349045725469,2.0456164401763766,-0.1734807170569197,False,0.26,-0.47777777777777775,0.6950000000000001,2.05
863,0.902501697432553,B,4.003276700001683,0.7520654940861381,0.2599078780992434,False,0.8800000000000001,0.8999999999999999,0.55,0.75
864,-0.1050962942657676,B,1.7823851966563935,5.99141107016872,0.0961218739745283,False,0.43499999999999994,-0.1,0.95,6.0
865,-0.010326958825081969,B,1.6662305909668975,-4.341085945885228,0.08755571993327588,False,0.49000000000000005,-0.011111111111111112,0.08,-4.35
866,0.8446663737382349,B,6.032076509675563,-1.6918883038129466,0.40952753016011456,True,0.8550000000000001,0.8444444444444444,0.28500000000000003,-1.7
867,0.6114956637639969,B,-2.8904201603656805,-2.2636735607105227,-0.24848753910413396,False,0.78,0.6111111111111112,0.22999999999999998,-2.25
868,1.2163062064263819,B,1.611056865472011,-1.888476261002632,0.08348677553960801,False,0.945,1.2111111111111112,0.265,-1.9
869,-0.2156578004068647,B,-2.064630847406902,3.8894508059907853,-0.18758734131658633,False,0.38,-0.2111111111111111,0.8400000000000001,3.9
870,1.3013219101742466,B,3.345614798718386,-0.06608981960011429,0.21140671777060796,False,0.9550000000000001,1.2999999999999998,0.485,-0.05
871,0.22555667211555722,B,2.3027584334951863,-1.7385758012181518,0.13449828857510182,False,0.595,0.2222222222222222,0.28500000000000003,-1.75
872,0.2419106057733876,B,-1.0190401456610128,1.3961229890990545,-0.11047726064359513,False,0.61,0.24444444444444446,0.625,1.4
873,-0.21635912203966082,B,1.1230631715995363,-1.162344352620721,0.0474982830639332,False,0.375,-0.2111111111111111,0.355,-1.15
874,-0.4035443421737818,B,4.142172922782605,0.18848882463887268,0.2701511778205655,False,0.28500000000000003,-0.4,0.51,0.2
875,0.4390805375117204,B,-0.7783539976466363,6.509440600655707,-0.09272717137896186,False,0.705,0.4444444444444444,0.9650000000000001,6.5
876,0.9358783814764431,B,1.0589823778639285,7.504549031784921,0.04277246141470539,False,0.89,0.9333333333333333,0.975,7.5
877,0.23405039616092166,B,-1.0599794586833235,-2.8670489617520585,-0.11349644752482511,False,0.6,0.23333333333333334,0.185,-2.85
878,0.2598291761593318,B,1.8900625974598573,1.508213680932771,0.10406285226435916,False,0.615,0.25555555555555554,0.635,1.5
879,0.8510985631450322,B,2.579778922577882,1.475608614725829,0.15492795787645483,False,0.86,0.8555555555555556,0.635,1.5
880,1.42903417027871,B,0.12225505845708451,2.0813589113559905,-0.02630917736368813,False,0.97,1.4333333333333333,0.6950000000000001,2.1
881,0.08632780145470674,B,2.4258941043735214,-1.5541188928956406,0.14357928126114702,False,0.53,0.08888888888888889,0.305,-1.55
882,-1.067855333880787,B,-3.317746960937497,-6.942551869029783,-0.2800019777949173,False,0.065,-1.0666666666666667,0.015,-6.95
883,0.08359288673954339,B,1.218635807203879,4.131241508462538,0.05454656077841148,False,0.53,0.08888888888888889,0.865,4.15
884,-0.676211169376784,B,0.9911977130876237,-6.134150940366328,0.037773487188399756,False,0.18,-0.6777777777777777,0.025,-6.15
885,0.49833553902201466,B,8.4901360831692,-5.538487435838074,0.5908041728221272,True,0.735,0.5,0.04,-5.55
886,0.2864713115771243,B,0.21352915467817085,4.934924169202988,-0.019577907746226655,False,0.63,0.2888888888888889,0.905,4.95
887,-0.04145279381788006,B,1.3239631980279785,-2.0711264179296993,0.06231423085233285,False,0.47000000000000003,-0.044444444444444446,0.24500000000000002,-2.05
888,0.7226332717048114,B,1.0843957510504056,-4.509588867362499,0.044646643399405495,False,0.8150000000000001,0.7222222222222222,0.075,-4.5
889,0.6502346533283649,B,3.674041351333697,-4.425594402621142,0.23562747444435445,False,0.79,0.6555555555555556,0.075,-4.45
890,0.6366340187187942,B,0.5228274476539386,8.059982637253427,0.003232180640707188,False,0.79,0.6333333333333333,0.9800000000000001,8.05
891,-0.34493919776542503,B,1.0602236210587659,-1.2344530520696686,0.04286400044879292,False,0.31,-0.34444444444444444,0.33999999999999997,-1.25
892,1.0910107885450595,B,2.4972089655048775,-3.2096182595954046,0.14883859992746634,False,0.925,1.088888888888889,0.16,-3.2
893,1.7839557650360727,B,3.7627313399165923,2.6101033192649545,0.24216817164364512,False,0.99,1.788888888888889,0.745,2.6
894,0.27136164218308967,B,-3.9021627844032105,0.03306022023232644,-0.3231013963520707,False,0.62,0.26666666666666666,0.49000000000000005,0.05
895,0.7113807024282601,B,3.8909988561859357,-0.09313997294447662,0.25162762696467855,False,0.8150000000000001,0.7111111111111111,0.485,-0.1
896,-0.9625665747907798,B,1.3359299435421699,-4.0541495321780125,0.06319675277075816,False,0.1,-0.9666666666666666,0.1,-4.05
897,-0.33455389313861017,B,4.581452182201215,4.521923786648476,0.30254708481857256,True,0.315,-0.3333333333333333,0.89,4.5
898,0.7612622907386798,B,7.8260584849558565,-1.3361925309139346,0.5418298685500507,True,0.835,0.7666666666666667,0.32999999999999996,-1.35
899,0.3174984322140259,B,-0.07317699244005232,5.658412570176457,-0.04072187363729057,False,0.645,0.3222222222222222,0.9400000000000001,5.65
900,0.8614884102619753,B,7.175593253135586,-1.7559093578054605,0.4938594472208577,True,0.86,0.8666666666666667,0.27999999999999997,-1.75
901,-1.0164718652893805,B,-2.2846586826365,-3.76592678591658,-0.20381392414343064,False,0.08,-1.011111111111111,0.125,-3.75
902,-1.0115191241626327,B,3.6688878180829487,1.5311692725617572,0.23524741237603974,False,0.08499999999999999,-1.011111111111111,0.64,1.55
903,-0.29198525752493815,B,2.660514034445727,-6.333060086886826,0.16088199991114144,False,0.335,-0.2888888888888889,0.02,-6.35
904,0.2825955504099719,B,1.9724778734110124,-2.7056180317841076,0.11014080281103956,False,0.63,0.2777777777777778,0.195,-2.7
905,-0.6863476376704214,B,-4.402501701847395,-4.896343826089609,-0.3600003226944116,False,0.175,-0.6888888888888889,0.06,-4.9
906,0.516254018174166,B,0.9932939685753706,0.8525694322802535,0.03792808155262034,False,0.745,0.5111111111111111,0.5650000000000001,0.85
907,1.4950267914531352,B,-1.5381508957478154,3.1320885871695623,-0.14876056954312142,False,0.9800000000000001,1.5,0.79,3.15
908,-0.9130350584657909,B,-7.446887029273929,-1.3756653795903477,-0.5845172372055574,False,0.10500000000000001,-0.911111111111111,0.32,-1.4
909,-0.4270520125232523,B,1.3532209794546124,2.2446267566326314,0.06447192973235673,False,0.275,-0.4222222222222222,0.7150000000000001,2.25
910,0.5250354968756721,B,1.241007404792556,-4.184937428277474,0.0561964183105855,False,0.745,0.5222222222222223,0.095,-4.2
911,-0.6077024196303908,B,-0.37474959939686303,-2.0641834158358554,-0.06296220918386225,False,0.215,-0.6111111111111112,0.24500000000000002,-2.05
912,-0.22384721495641188,B,0.5182299593598165,-2.5303212162702033,0.0028931257001258166,False,0.375,-0.2222222222222222,0.205,-2.55
913,-1.2845201662794568,B,-1.3448371261014684,-2.763643884768651,-0.13450409198671276,False,0.034999999999999996,-1.2888888888888888,0.19,-2.75
914,-0.17490662814508476,B,0.8548274867677818,1.206177016600673,0.027716474310073038,False,0.395,-0.17777777777777778,0.6,1.2
915,-0.3442984936982817,B,4.868320700944336,-0.6490887686561737,0.323703025270116,True,0.31,-0.34444444444444444,0.41,-0.65
916,0.950031504929706,B,-0.5707397138993512,3.8933387639602257,-0.07741606145622927,False,0.89,0.9555555555555555,0.8400000000000001,3.9
917,0.5916438626675149,B,0.17091227809846576,2.4409260752650086,-0.022720811356219364,False,0.765,0.5888888888888889,0.735,2.45
918,-0.048534583815373344,B,-4.494465395885878,-0.22436125719450714,-0.36678244867779386,False,0.47000000000000003,-0.044444444444444446,0.45999999999999996,-0.2
919,-0.14494098639279265,B,1.1561318707036508,1.416043906447844,0.049937028981825705,False,0.41500000000000004,-0.14444444444444446,0.625,1.4
920,2.1031760852266608,B,7.392908220043878,-2.0681901362575816,0.5098859618042086,True,1.0,2.0999999999999996,0.24500000000000002,-2.05
921,0.7701374833730527,B,4.563110325375324,2.7945016086075767,0.3011944120593607,True,0.8400000000000001,0.7666666666666667,0.76,2.8
922,2.00467508714737,B,-0.08414951089870115,-0.09973859534262886,-0.041531073434227864,False,0.9949999999999999,2.0,0.48,-0.1
923,-0.4250910022442175,B,1.2774534695505064,0.7629619731722025,0.058884237730752485,False,0.27999999999999997,-0.4222222222222222,0.5549999999999999,0.75
924,0.5760357695112359,B,5.392950278785277,-2.0755253170511594,0.36239333592724343,True,0.76,0.5777777777777778,0.24500000000000002,-2.1
925,-0.6805237044948981,B,-2.2886421965882597,3.731788297233745,-0.20410769978782883,False,0.175,-0.6777777777777777,0.8300000000000001,3.75
926,0.26191830432246144,B,3.610319695248458,4.007814850709222,0.23092813842965493,False,0.62,0.26666666666666666,0.8550000000000001,4.0
927,0.3886843009413577,B,4.645000674450768,-5.7125329255323924,0.30723365037030115,True,0.675,0.3888888888888889,0.034999999999999996,-5.7
928,0.21951669944330499,B,-1.2575513123516222,-0.6326909059429895,-0.1280669496817747,False,0.5900000000000001,0.2222222222222222,0.41500000000000004,-0.65
929,-0.5743252749623075,B,1.1504266372465115,-3.510363297329646,0.04951628020182634,False,0.22999999999999998,-0.5777777777777778,0.135,-3.5
930,-0.646527838540131,B,-0.9638928162728785,-0.9019959692251356,-0.10641026290641316,False,0.195,-0.6444444444444444,0.385,-0.9
931,0.13553331597067045,B,0.7340314194237377,-1.8606660268777155,0.018808022386843287,False,0.5549999999999999,0.13333333333333333,0.27,-1.85
932,-0.5074187342734109,B,-8.487767921187679,-3.0989407021106676,-0.6612799794644786,False,0.25,-0.5111111111111111,0.16999999999999998,-3.1
933,-0.3814966223487665,B,-2.1389513065251538,-0.8011111167834046,-0.19306831641390973,False,0.3,-0.37777777777777777,0.39,-0.8
934,0.4149273428759017,B,1.9401172823357167,-0.7691605741830296,0.10775427834761893,False,0.6950000000000001,0.41111111111111115,0.395,-0.75
935,0.2243120628564498,B,-0.196967920846256,-1.030132181945118,-0.04985119016626129,False,0.595,0.2222222222222222,0.375,-1.05
936,0.6765498520697953,B,5.918047151152681,-1.966280763154134,0.4011181085574673,True,0.8,0.6777777777777777,0.26,-1.95
937,0.13540515007603923,B,-2.239086861645553,-1.3940817321185426,-0.20045309969543257,False,0.5549999999999999,0.13333333333333333,0.32,-1.4
938,-0.7831678672453849,B,6.046377185281998,-4.242213189440175,0.41058217443712386,True,0.145,-0.7777777777777778,0.09,-4.25
939,-0.29530662981596606,B,2.2024760142672615,-0.6548371933780884,0.1271026743793787,False,0.335,-0.30000000000000004,0.41,-0.65
940,0.018345595895087434,B,-0.5076892288181324,-5.0337030555195055,-0.07276622286932724,False,0.5,0.022222222222222223,0.05500000000000001,-5.05
941,0.28998182309059534,B,3.9099073541899347,-2.9349198396416982,0.2530220883003225,False,0.635,0.2888888888888889,0.18,-2.95
942,-0.9252425755632614,B,3.1835538036214186,-1.400028124205302,0.1994550655753406,False,0.10500000000000001,-0.9222222222222223,0.32,-1.4
943,0.17886861519552458,B,0.06841582652059112,-3.67788008086826,-0.03027970570815675,False,0.575,0.17777777777777778,0.125,-3.7
944,-0.13021806415082762,B,1.6466596915384424,-7.332618370936081,0.08611240790759384,False,0.42000000000000004,-0.13333333333333333,0.01,-7.35
945,-0.24660754039055705,B,1.267552933756559,1.4591802376109446,0.05815409436537789,False,0.36,-0.24444444444444446,0.635,1.45
946,0.8163139985853997,B,-0.9789031370687017,-0.9951608026288256,-0.10751724200020266,False,0.8550000000000001,0.8111111111111111,0.375,-1.0
947,-0.17231470931700185,B,2.759795786394575,2.9421182054241974,0.16820381703264842,False,0.395,-0.17777777777777778,0.775,2.95
948,-0.749832228841818,B,1.202115077474795,-2.67601424910281,0.05332819225231498,False,0.155,-0.7444444444444445,0.195,-2.7
949,-0.10941303993906491,B,0.9267134320571901,1.728303125957472,0.033017909213104206,False,0.43499999999999994,-0.1111111111111111,0.6599999999999999,1.75
950,0.8427748261435214,B,1.9921327749120552,4.097599967604271,0.11159030981013054,False,0.8550000000000001,0.8444444444444444,0.86,4.1
951,-1.320226754957282,B,2.408662945318302,-5.661206161820569,0.1423085200898603,False,0.03,-1.3222222222222222,0.034999999999999996,-5.65
952,-2.015927562885178,B,1.5802209870326451,-2.404729211446405,0.08121269537601077,False,0.005,-2.011111111111111,0.215,-2.4
953,-0.1519410462445564,B,-1.1236298184559854,0.09144890905051853,-0.11819052558877455,False,0.40499999999999997,-0.15555555555555556,0.495,0.1
954,0.01941948047901116,B,0.012708907872216298,0.7393050148616993,-0.0343879719578923,False,0.5,0.022222222222222223,0.55,0.75
955,-0.3657309183694191,B,-4.717187778051486,3.90657491007399,-0.3832077485851037,False,0.305,-0.36666666666666664,0.8400000000000001,3.9
956,0.49482934093395275,B,4.568586167727169,-5.182084738509988,0.3015982437353677,True,0.73,0.5,0.05,-5.2
957,0.4981876779691257,B,4.931899530378968,2.655020395332631,0.3283918281244382,True,0.73,0.5,0.75,2.65
958,0.5654108447196431,B,1.800261941420823,2.5523695974823886,0.0974402457127753,False,0.755,0.5666666666666667,0.74,2.55
959,-0.09445194453621326,B,1.5503766142899522,2.920506062977191,0.07901173663949825,False,0.44000000000000006,-0.1,0.77,2.9
960,0.07448155994266338,B,4.134392749055789,0.8748943868282254,0.26957740662814483,False,0.525,0.07777777777777778,0.5700000000000001,0.85
961,1.2529465817665009,B,2.78640409886639,1.5960667780772806,0.1701661232370244,False,0.95,1.2555555555555555,0.65,1.6
962,-0.4737515367403569,B,-0.653989947038332,-1.816090409059836,-0.08355558831188435,False,0.265,-0.47777777777777775,0.275,-1.8
963,0.8004074789262109,B,2.721395896021065,3.0540227963590683,0.16537190714707736,False,0.85,0.8,0.79,3.05
964,1.0339408501919716,B,1.1269454789889715,-3.9700764893660123,0.047784594940556466,False,0.9099999999999999,1.0333333333333334,0.11000000000000001,-3.95
965,0.5682924643530842,B,1.2976318098944661,-2.7915029366722433,0.06037234722634357,False,0.76,0.5666666666666667,0.19,-2.8
966,0.29738960026699374,B,1.1693149118998503,-1.1670097698994977,0.05090925010856002,False,0.635,0.30000000000000004,0.35,-1.15
967,0.37690974730436183,B,1.5537757098169644,2.0095064091616712,0.07926241267350036,False,0.67,0.37777777777777777,0.6849999999999999,2.0
968,1.872471941143009,B,2.7427990424568884,5.740654154924361,0.16695034347552443,False,0.9949999999999999,1.8777777777777775,0.945,5.75
969,-0.4672597407287805,B,-0.14093552889917155,4.239876357448854,-0.04571892095601882,False,0.265,-0.4666666666666667,0.8699999999999999,4.25
970,-0.5611629422103479,B,-3.9654861635486576,-4.801699081254126,-0.3277713602932558,False,0.23500000000000001,-0.5666666666666667,0.065,-4.8
971,0.1002055175514502,B,0.4330618006004794,-1.1322006524658343,-0.003387844072976345,False,0.5349999999999999,0.1,0.355,-1.15
972,-0.2911894919580668,B,-2.81372649043506,1.5551836204554896,-0.24283154477902838,False,0.33999999999999997,-0.2888888888888889,0.645,1.55
973,0.34902529541737864,B,2.843388233430869,0.8575431929092183,0.17436858143219633,False,0.6599999999999999,0.34444444444444444,0.5650000000000001,0.85
974,0.32345002182699817,B,0.8724144622156891,-2.398152105274895,0.029013476180228946,False,0.65,0.3222222222222222,0.22000000000000003,-2.4
975,-0.05973699325082304,B,-0.44113488924599437,1.3304709218472985,-0.06785798249862007,False,0.45999999999999996,-0.05555555555555555,0.615,1.35
976,-0.32085155524726194,B,2.0071232357361835,-5.304360116244009,0.11269582427343222,False,0.325,-0.3222222222222222,0.045,-5.3
977,0.8508535511106036,B,-0.2422270538031378,0.16490115530745553,-0.053188954539708205,False,0.86,0.8555555555555556,0.505,0.15
978,0.04087972656067793,B,4.436370155666892,-0.12402650080504643,0.29184759528449145,True,0.51,0.044444444444444446,0.475,-0.1
979,1.5892380156843122,B,4.381774591843098,-8.94071011839498,0.28782128907900334,False,0.99,1.588888888888889,0.005,-8.95
980,1.1541110147890656,B,1.0852178732515025,3.1812956083166224,0.04470727315552688,False,0.9349999999999999,1.1555555555555557,0.795,3.2
981,-0.8266513924733551,B,-0.9950808879820678,-1.5988977533718214,-0.10871031657130802,False,0.13,-0.8222222222222223,0.3,-1.6
982,0.11098340372887955,B,1.5196113236515427,-2.95733995048579,0.07674286217543255,False,0.545,0.1111111111111111,0.18,-2.95
983,-0.3256205594303493,B,-1.905342647332105,6.176828025237728,-0.17584017683098607,False,0.325,-0.3222222222222222,0.9550000000000001,6.2
984,-1.6270091733165795,B,-6.195606927853484,0.15578340049032957,-0.49223800269827855,False,0.015,-1.6222222222222222,0.505,0.15
985,0.5842160399969114,B,-1.132977916377401,-1.5081662391737922,-0.11887992784116236,False,0.765,0.5888888888888889,0.31,-1.5
986,-0.18919929305721703,B,-3.145997682076039,-2.5151876930341377,-0.26733583536803707,False,0.39,-0.18888888888888888,0.21000000000000002,-2.5
987,-0.5368302203717794,B,-0.8855588516977271,-3.0172515547843366,-0.10063330035525503,False,0.24500000000000002,-0.5333333333333333,0.175,-3.0
988,-0.7897465915368378,B,-0.8315246524917344,3.973234760172241,-0.09664839359114803,False,0.13999999999999999,-0.7888888888888889,0.85,3.95
989,0.3957595540096733,B,0.06315538080801869,-0.5357766697448092,-0.030667652342145593,False,0.6799999999999999,0.4,0.43,-0.55
990,-0.29649334099296104,B,-3.4109894570092445,0.30368874315213473,-0.2868784126964883,False,0.32999999999999996,-0.30000000000000004,0.52,0.3
991,0.19013170613765487,B,-4.455931453391836,-0.5861110660046326,-0.3639406527346944,False,0.58,0.18888888888888888,0.42000000000000004,-0.6
992,-0.2737165815098865,B,-4.642156808883584,4.587662671288851,-0.3776743748894033,False,0.35,-0.2777777777777778,0.8949999999999999,4.6
993,0.02017834156703711,B,-2.7424814575808347,-0.7814977968020073,-0.237577375798981,False,0.5,0.022222222222222223,0.395,-0.8
994,0.0954167283863344,B,0.521813338573555,-1.2077161831209604,0.003157392262358932,False,0.5349999999999999,0.1,0.34500000000000003,-1.2
995,-0.005777157400784433,B,3.5808116745463336,-1.748845140177718,0.22875198493762236,False,0.495,-0.011111111111111112,0.27999999999999997,-1.75
996,0.7024617673760815,B,1.7403165378721615,1.7478290069150284,0.09301940025585416,False,0.805,0.7,0.665,1.75
997,0.12485583108980808,B,-2.0573108092902026,-3.6126258752778733,-0.18704750414247454,False,0.55,0.12222222222222223,0.13,-3.6
998,-0.7028246667465297,B,2.6209248615887,-0.7158072918370687,0.15796238298294474,False,0.16999999999999998,-0.7,0.40499999999999997,-0.7
999,0.3469362778325429,B,1.940545192654874,-4.169942142595765,0.10778583581955886,False,0.6599999999999999,0.34444444444444444,0.095,-4.15
