,skill,group,feature_0,feature_1,normal_learning_aware-1_score,admitted,skillcut,skillround,testcut,testround
0,-0.8776239650578745,A,-1.303678946923498,0.5248066087835115,-0.050354004672849485,False,0.13999999999999999,-0.8777777777777778,0.45999999999999996,0.5
1,-0.051408524168709696,A,-2.50463324455524,0.7055461521028962,-0.19868851831692866,False,0.485,-0.05555555555555555,0.49000000000000005,0.7
2,-0.5073513788167199,A,-3.4808626155549627,4.403152388933914,-0.3192663864655073,False,0.255,-0.5111111111111111,0.8699999999999999,4.4
3,-0.12533611642817125,A,-1.4067102957904143,1.3469862785477054,-0.06307980535852542,False,0.45,-0.12222222222222223,0.5700000000000001,1.35
4,-0.6181381628824173,A,-3.5440832392395736,0.10073269551139119,-0.3270750103948483,False,0.205,-0.6222222222222222,0.395,0.1
5,0.2348391392499847,A,-4.2732835138768595,2.0627296281753686,-0.41714135871530567,False,0.63,0.23333333333333334,0.6599999999999999,2.05
6,0.4366106258783419,A,-2.64950451136454,4.123616295995578,-0.21658212921081177,False,0.73,0.43333333333333335,0.8550000000000001,4.1
7,-1.0699891534518373,A,-2.601104396229763,1.202341768986704,-0.21060404365585586,False,0.08499999999999999,-1.0666666666666667,0.5549999999999999,1.2
8,-1.1272112736420457,A,-2.191590799998501,-1.8842532384512691,-0.16002343434591793,False,0.06999999999999999,-1.1222222222222222,0.22000000000000003,-1.9
9,0.6032482784321997,A,1.8663971269138577,1.0878291266034343,0.34119436111815815,True,0.79,0.6000000000000001,0.545,1.1
10,0.3251714087911696,A,-1.281091595125315,3.5687361890768057,-0.04756415342697089,False,0.6849999999999999,0.3222222222222222,0.82,3.55
11,-0.07590466447621735,A,-5.085544488409903,0.13300505505294344,-0.5174668555697833,False,0.47000000000000003,-0.07777777777777778,0.40499999999999997,0.15
12,0.5697058459326912,A,-1.038790801170749,6.425745204567532,-0.017636644530336892,False,0.78,0.5666666666666667,0.9650000000000001,6.45
13,0.34116611491179266,A,-4.06410825619939,2.67364514460032,-0.3913053130180224,False,0.6900000000000001,0.34444444444444444,0.73,2.65
14,2.033005811833489,A,-1.0826772919800676,7.386565709897665,-0.0230572348746847,False,0.99,2.033333333333333,0.9800000000000001,7.4
15,-0.41202311585354845,A,-2.241231286771872,-11.652369399910075,-0.16615472300286666,False,0.29500000000000004,-0.41111111111111115,0.0,-11.65
16,0.22181605711701777,A,0.8692544373621091,6.979815238643219,0.21803340804934904,False,0.625,0.2222222222222222,0.975,7.0
17,0.24806172642599794,A,3.1609311132878357,-2.832992679631842,0.5010872643228701,True,0.64,0.24444444444444446,0.13,-2.85
18,0.6613249232304175,A,-0.033784992215948106,1.4007269494087695,0.10649551285047405,False,0.8150000000000001,0.6666666666666666,0.58,1.4
19,-0.31583547595028755,A,-0.14876243447399826,-5.248160696683427,0.09229420393220762,False,0.35,-0.3111111111111111,0.034999999999999996,-5.25
20,-0.29155721871331913,A,-0.8007711797794606,1.0639050126730778,0.01176208017255012,False,0.355,-0.2888888888888889,0.54,1.05
21,0.8391916121291177,A,1.8244178249899088,2.857050073484169,0.3360093350548963,True,0.8800000000000001,0.8444444444444444,0.745,2.85
22,-0.23566290595330144,A,-3.128903564179203,-1.2938696196469555,-0.2757945617579333,False,0.375,-0.23333333333333334,0.275,-1.3
23,0.2009712533974741,A,-1.2905831431796237,-1.8533980622189121,-0.04873649126459026,False,0.62,0.2,0.22000000000000003,-1.85
24,-0.5807905839784182,A,-1.6665099037080853,-0.2804575191898244,-0.09516866049763009,False,0.22000000000000003,-0.5777777777777778,0.355,-0.3
25,1.3941700924126714,A,2.2428951527090124,3.7712890432711488,0.3876970895353932,True,0.96,1.3888888888888888,0.8300000000000001,3.75
26,0.10328052835649451,A,-1.0918603221974275,0.5792698818084302,-0.024191466480131398,False,0.58,0.1,0.465,0.6
27,2.082780868316995,A,3.447356958384578,5.34700388079485,0.5364648290739209,True,0.99,2.0777777777777775,0.93,5.35
28,-0.6820670357347326,A,1.8120161321356485,1.7862562916872537,0.33447755396919837,True,0.19,-0.6777777777777777,0.625,1.8
29,-0.5656642466238211,A,0.5822160153191669,0.5115274257422542,0.18258018154866862,False,0.225,-0.5666666666666667,0.45499999999999996,0.5
30,-0.018943449877138883,A,-3.329506908901496,-1.4015907999841184,-0.30057185730817687,False,0.51,-0.022222222222222223,0.27,-1.4
31,-0.38362715183785673,A,-0.2652513851291043,-2.7484665126540255,0.07790620276146468,False,0.305,-0.3888888888888889,0.13999999999999999,-2.75
32,1.4822551300456466,A,-2.218629718725276,4.790782966861511,-0.163363115853122,False,0.97,1.4777777777777779,0.9,4.8
33,0.5218633315679418,A,0.02300387482237437,5.045372575467967,0.11350972562205021,False,0.765,0.5222222222222223,0.9099999999999999,5.05
34,-0.09751309931731934,A,-4.006476642311931,0.481416002530458,-0.38418700932122274,False,0.465,-0.1,0.45,0.5
35,-1.2490528306295396,A,0.3063420215364092,-2.1835821815816128,0.1485059167947877,False,0.06,-1.2444444444444445,0.185,-2.2
36,-0.25977467736056065,A,-4.342970845831801,-5.187461821681401,-0.42574871081277865,False,0.37,-0.25555555555555554,0.04,-5.2
37,-1.2952593733186208,A,-4.56561074026699,1.4859384432236904,-0.45324782591144475,False,0.05,-1.2999999999999998,0.5900000000000001,1.5
38,-0.39818845673870873,A,1.7192848151914042,-0.262494103202016,0.3230239500929938,True,0.3,-0.4,0.36,-0.25
39,-1.3781310857845257,A,0.2085830087298235,-2.169762163936694,0.1364313227427193,False,0.045,-1.3777777777777778,0.185,-2.15
40,-0.217555063948,A,3.908618246279955,0.18805516694943497,0.5934369960728876,True,0.395,-0.2222222222222222,0.41,0.2
41,0.7704958175132566,A,0.0803769617333755,0.4391782589803107,0.12059609765134825,False,0.8550000000000001,0.7666666666666667,0.445,0.45
42,0.4988410369904676,A,-0.8588465254746984,4.368609211194821,0.0045889694426891675,False,0.75,0.5,0.865,4.35
43,0.6092986873506597,A,-1.43535278193495,3.2712201983273954,-0.06661754968417151,False,0.795,0.6111111111111112,0.79,3.25
44,1.696739379059018,A,0.5188716294450944,2.275212042568668,0.17475627127228052,False,0.985,1.7000000000000002,0.6950000000000001,2.3
45,-0.12840977917661123,A,-2.0581813389178056,3.787585561098515,-0.14354551544097072,False,0.445,-0.13333333333333333,0.8300000000000001,3.8
46,0.6917328804087435,A,2.9689966277378366,5.650279304211562,0.47738069312217674,True,0.8300000000000001,0.6888888888888889,0.95,5.65
47,-0.15735877779576599,A,2.2135959858148264,-1.2038350198834922,0.3840782360286477,True,0.425,-0.15555555555555556,0.28500000000000003,-1.2
48,0.030170748395220603,A,1.6490641643478132,2.6895019695512525,0.3143507257153508,True,0.5349999999999999,0.03333333333333333,0.73,2.7
49,0.8798659772536733,A,1.7707685438710574,1.0232949575564907,0.32938290469213194,True,0.885,0.8777777777777778,0.54,1.0
50,0.4255173026789995,A,-2.7928760903010597,3.148034547959313,-0.23429050785092354,False,0.73,0.4222222222222222,0.775,3.15
51,1.1018432955424855,A,-2.3195961614778184,0.9095502356313094,-0.17583387199230655,False,0.93,1.1,0.52,0.9
52,-0.18800537458107477,A,-0.42497882819708344,5.0438537587522525,0.058177648036423654,False,0.41,-0.18888888888888888,0.9099999999999999,5.05
53,0.377691197252923,A,1.663378713039914,-3.0470198590932767,0.31611877102936853,True,0.71,0.37777777777777777,0.12,-3.05
54,-0.27058161893934995,A,-1.8926797131205106,-1.4736277414171501,-0.12310376905781736,False,0.365,-0.26666666666666666,0.26,-1.45
55,-0.1005460274571248,A,0.9632062009635891,3.2271618565763087,0.22963775401597836,False,0.45999999999999996,-0.1,0.78,3.25
56,0.6994355168570322,A,0.6195061434919881,3.538579892083714,0.18718602961228653,False,0.835,0.7,0.8150000000000001,3.55
57,-0.048774631407148515,A,0.35022120327559175,-0.6707411318023855,0.15392560436759292,False,0.49000000000000005,-0.044444444444444446,0.32,-0.65
58,0.5901072588878188,A,-0.8369524905678732,1.617762023405334,0.007293186435804299,False,0.7849999999999999,0.5888888888888889,0.605,1.6
59,0.0036890225982310894,A,-2.055052022433118,2.8183072730888448,-0.1431590014497973,False,0.52,0.0,0.745,2.8
60,-0.07153723106118927,A,-0.25842085550207056,-0.8005538410969939,0.07874986791354878,False,0.475,-0.06666666666666667,0.305,-0.8
61,0.6714005205815041,A,1.7989880253158317,1.7340511071456122,0.3328684020700532,True,0.82,0.6666666666666666,0.625,1.75
62,-0.017610041299169165,A,-1.094315931796021,1.2987939841724347,-0.024494768326192812,False,0.51,-0.022222222222222223,0.5650000000000001,1.3
63,-0.48795228877670993,A,-2.821560213890576,2.002916706620193,-0.23783339497855868,False,0.26,-0.48888888888888893,0.65,2.0
64,0.3919966654038477,A,0.17873906485443877,-1.6088018034526743,0.1327451817224439,False,0.71,0.3888888888888889,0.24,-1.6
65,-0.6475871323124576,A,0.9835675009095333,-2.557277682710794,0.2321526569815606,False,0.2,-0.6444444444444444,0.155,-2.55
66,-2.2405783691051324,A,-1.1377807063409076,-4.0018508568290265,-0.029863270862450275,False,0.005,-2.2444444444444445,0.075,-4.0
67,-0.023505745103325384,A,-3.7632011629561757,-2.7281273518891864,-0.3541391132581274,False,0.5,-0.022222222222222223,0.145,-2.75
68,-0.6727986951804745,A,-4.86697366414312,0.11802477354227092,-0.4904703270771225,False,0.19,-0.6777777777777777,0.4,0.1
69,0.10705772384216611,A,-0.45902041778049724,0.9969882937599752,0.053973039547587205,False,0.585,0.1111111111111111,0.53,1.0
70,0.19575230183508868,A,0.17669983412071957,-0.05158135346775983,0.13249330844159485,False,0.615,0.2,0.38,-0.05
71,1.0560658448465965,A,-1.3325203476302727,-0.6429583722025751,-0.05391631770598482,False,0.9199999999999999,1.0555555555555556,0.325,-0.65
72,-0.9817523786189706,A,0.9031680432127029,-3.7889963778419706,0.22222220877197854,False,0.10500000000000001,-0.9777777777777779,0.08499999999999999,-3.8
73,1.0666040220334818,A,-0.10408989202172414,8.13228806834769,0.09781188255742247,False,0.925,1.0666666666666667,0.9949999999999999,8.15
74,0.5574449674540455,A,2.810549653506383,0.17917867267360182,0.4578102940592429,True,0.775,0.5555555555555556,0.40499999999999997,0.2
75,1.021864257659759,A,0.798608721124474,-2.010159871184908,0.20930768219965434,False,0.9199999999999999,1.0222222222222221,0.21000000000000002,-2.0
76,-1.4500675455117171,A,-2.5729031526934767,-1.4856128004944227,-0.20712079891260252,False,0.04,-1.4555555555555555,0.26,-1.5
77,-0.6161785814394872,A,-0.6858130088614781,1.3637844339980094,0.025961008813014268,False,0.21000000000000002,-0.6111111111111112,0.5700000000000001,1.35
78,-0.5602985017152856,A,-1.084731349447583,-2.823306814792522,-0.02331093946281243,False,0.22999999999999998,-0.5555555555555556,0.13,-2.8
79,-1.6900815201002717,A,-2.0897404462563287,0.16586086223542118,-0.1474435029391899,False,0.02,-1.6888888888888889,0.40499999999999997,0.15
80,0.6994513535785468,A,3.8145539378719175,-8.296490184858174,0.581818749261591,True,0.835,0.7,0.005,-8.3
81,-0.19170529086183902,A,0.4053260247415727,0.22624571678454436,0.16073181415236074,False,0.41,-0.18888888888888888,0.42000000000000004,0.25
82,-0.4283623514326543,A,0.0018048549956872217,-0.6082611635086737,0.11089135263156773,False,0.28500000000000003,-0.43333333333333335,0.32999999999999996,-0.6
83,-0.6065809432405039,A,-2.3124002120913416,-3.4872012815659703,-0.17494507243136126,False,0.21000000000000002,-0.6111111111111112,0.095,-3.5
84,0.689598988532672,A,-2.567475644380817,-0.6292834869444376,-0.20645042635350916,False,0.8300000000000001,0.6888888888888889,0.32999999999999996,-0.65
85,-1.3530088127904705,A,0.3345423122576394,-1.5295310266138469,0.15198904385216552,False,0.05,-1.3555555555555554,0.25,-1.55
86,-0.001873036993724903,A,2.2406138276850447,6.163084647430535,0.38741531425171954,True,0.515,-0.0,0.96,6.15
87,-0.09767438935690738,A,-3.0047369432403936,-2.1512261816511726,-0.26045826181370785,False,0.465,-0.1,0.19,-2.15
88,-0.28490102233918235,A,-5.3794830217432805,1.1808995764160206,-0.5537723415231134,False,0.36,-0.2888888888888889,0.55,1.2
89,0.596341532807093,A,-1.6053048202857387,-0.25131423566560285,-0.08760898374731384,False,0.79,0.6000000000000001,0.365,-0.25
90,-0.2851674898300069,A,-3.842367965124108,3.087519042246263,-0.36391731141229083,False,0.355,-0.2888888888888889,0.775,3.1
91,0.3949415225614458,A,2.439806544767227,-5.337221077638405,0.4120183777222401,True,0.7150000000000001,0.4,0.034999999999999996,-5.35
92,0.27265742628023354,A,-2.8358205740748432,4.449868542137798,-0.23959474726023497,False,0.655,0.2777777777777778,0.875,4.45
93,0.05627755408890253,A,2.614775478106102,2.5045737017335488,0.4336294679034618,True,0.55,0.05555555555555555,0.7150000000000001,2.5
94,1.2937967677219044,A,-0.018008126336783947,4.592311550084387,0.10844417462022551,False,0.95,1.2888888888888888,0.8800000000000001,4.6
95,-0.031461976525079705,A,1.7472600356198364,2.111180821420548,0.32647927784736425,True,0.5,-0.03333333333333333,0.67,2.1
96,0.6388146478610827,A,-0.9461292088789156,0.7618461004270918,-0.006191652615823788,False,0.805,0.6333333333333333,0.495,0.75
97,0.012061112100359393,A,-3.402493335802128,-0.8763292333962256,-0.3095866933916764,False,0.52,0.011111111111111112,0.29500000000000004,-0.9
98,-1.3224318128722927,A,-0.25915255574575347,1.4138185819519895,0.07865949278437524,False,0.05,-1.3222222222222222,0.58,1.4
99,0.5930780413868799,A,0.3962173144742518,4.313197824672351,0.15960676209160182,False,0.7849999999999999,0.5888888888888889,0.865,4.3
100,-0.4016203807828733,A,-2.6361009029083116,4.204011855453237,-0.21492659765115874,False,0.3,-0.4,0.86,4.2
101,0.31832353712136374,A,-1.7680130099025342,2.867925839753846,-0.10770570201570272,False,0.6799999999999999,0.3222222222222222,0.75,2.85
102,-0.08016955725357507,A,0.9879213053493284,2.202861556656017,0.23269041221950099,False,0.47000000000000003,-0.07777777777777778,0.6849999999999999,2.2
103,0.5166680651792395,A,0.6671237617843907,-3.536256981098743,0.19306746595355426,False,0.76,0.5222222222222223,0.09,-3.55
104,-0.1708782594402288,A,1.6070087771698542,3.4216706804723125,0.30915630206787503,False,0.42000000000000004,-0.16666666666666666,0.805,3.4
105,-0.023380680926241286,A,-5.33363168446201,3.4051715498939807,-0.5481090653859948,False,0.505,-0.022222222222222223,0.805,3.4
106,-0.5025242517128499,A,-1.1085949651889515,-0.03300292584569858,-0.02625842700814659,False,0.255,-0.5,0.38,-0.05
107,-0.6320762257819376,A,0.4563277203327497,-6.443239593190675,0.16703123097901204,False,0.2,-0.6333333333333333,0.02,-6.45
108,-0.8907920314255887,A,-1.3229865711851527,0.12390779937761065,-0.05273876407636959,False,0.135,-0.8888888888888888,0.4,0.1
109,0.40956920870563596,A,-1.4211666769746065,0.8613068136414042,-0.06486536895260993,False,0.725,0.41111111111111115,0.51,0.85
110,1.3474093641442892,A,2.6526174946660257,2.2930386465208192,0.43830348183787776,True,0.96,1.3444444444444443,0.6950000000000001,2.3
111,1.0255851718554616,A,-2.461952314168922,-0.6787107872796894,-0.19341683140659743,False,0.9199999999999999,1.0222222222222221,0.315,-0.7
112,-0.3388871151771147,A,-2.9876290145826023,1.8586527439410112,-0.2583451953282343,False,0.32999999999999996,-0.3333333333333333,0.63,1.85
113,-0.2699439153797527,A,-3.0577226922334972,0.604972554049786,-0.2670027367553924,False,0.365,-0.26666666666666666,0.47000000000000003,0.6
114,-0.1303148379075641,A,-1.1970613906434049,-3.39718236046067,-0.03718525762900708,False,0.445,-0.13333333333333333,0.1,-3.4
115,0.7233711163459509,A,2.9801673482463,3.244345928903122,0.47876043204891555,True,0.8400000000000001,0.7222222222222222,0.79,3.25
116,0.5087248714098156,A,0.30105345803982875,2.072031962696268,0.14785270584771995,False,0.755,0.5111111111111111,0.665,2.05
117,-0.07345476368591419,A,-1.4051034154817246,-7.362193236293217,-0.06288133335210205,False,0.475,-0.07777777777777778,0.01,-7.35
118,0.7253131006413784,A,1.2700218194315909,4.032493205671642,0.2675337385955796,False,0.8400000000000001,0.7222222222222222,0.845,4.05
119,0.992648686099821,A,1.9132814298013598,3.3593985577410868,0.34698522283543876,True,0.9099999999999999,0.9888888888888889,0.795,3.35
120,-0.5218121144814739,A,-2.9902362742907074,-2.62376628833399,-0.2586672280662895,False,0.24500000000000002,-0.5222222222222223,0.15,-2.6
121,-1.6490931768785102,A,-0.41216917280938303,-6.3144633048032865,0.059759818153662735,False,0.025,-1.6444444444444446,0.02,-6.3
122,0.9606343221657241,A,2.0129169459250758,3.6379188453335964,0.3592915910752901,True,0.905,0.9555555555555555,0.82,3.65
123,0.6302134498322431,A,-1.2965002966551182,1.220254661713728,-0.04946734179293733,False,0.8,0.6333333333333333,0.5549999999999999,1.2
124,-0.31088081734354284,A,-2.157017316561439,3.3655267519718093,-0.1557531295885001,False,0.35,-0.3111111111111111,0.795,3.35
125,-0.734955034869856,A,-0.6705524887368124,-2.3826190955513065,0.027845894720089887,False,0.175,-0.7333333333333333,0.16999999999999998,-2.4
126,0.0841074260163867,A,-1.0398245147845422,-0.8788141522636723,-0.01776432249980805,False,0.5700000000000001,0.08888888888888889,0.29500000000000004,-0.9
127,0.639014346712698,A,0.24487064201104336,1.3000025385650495,0.1409133487820774,False,0.8099999999999999,0.6444444444444444,0.5650000000000001,1.3
128,-0.5128367309037158,A,-0.6087410398403763,2.5683567702481964,0.03548046601707374,False,0.25,-0.5111111111111111,0.72,2.55
129,1.2066723577899787,A,-0.41916621576748114,-0.5562629696165411,0.058895586295562116,False,0.9400000000000001,1.2111111111111112,0.335,-0.55
130,0.22274759898125,A,0.4203309642424662,2.009083273822412,0.1625851323073588,False,0.625,0.2222222222222222,0.655,2.0
131,-2.182974720280929,A,-1.368592991543442,4.991196150303795,-0.05837178957636967,False,0.005,-2.177777777777778,0.9099999999999999,5.0
132,-0.4888754711114498,A,-0.13742942879759706,-2.9388930480133286,0.09369398732816998,False,0.26,-0.48888888888888893,0.125,-2.95
133,0.053045829352386956,A,-2.808284334126448,4.1707955532596515,-0.2361936396840461,False,0.55,0.05555555555555555,0.8550000000000001,4.15
134,0.23913853190103093,A,-1.6428161013136315,-2.2173433712068245,-0.092242147256043,False,0.635,0.24444444444444446,0.18,-2.2
135,-0.7456524212856086,A,-4.684210654617561,-2.1534567743763944,-0.4678965603787874,False,0.16999999999999998,-0.7444444444444445,0.185,-2.15
136,-1.9877970680251844,A,-2.1264803088255113,1.968967425596378,-0.15198138556827653,False,0.01,-1.9888888888888887,0.645,1.95
137,0.21693263017920236,A,1.1491696213789035,-3.2059019549444026,0.2526068158506308,False,0.62,0.2222222222222222,0.10500000000000001,-3.2
138,-0.08270015984201125,A,-3.798272161666269,1.2344517142679317,-0.35847086805257095,False,0.465,-0.07777777777777778,0.5549999999999999,1.25
139,0.24163079172500154,A,-3.5224819413063835,3.6699003652711344,-0.3244069504783975,False,0.64,0.24444444444444446,0.825,3.65
140,-0.18892245870951146,A,-2.7125439670403635,2.1829093726746827,-0.22436837637816912,False,0.41,-0.18888888888888888,0.6849999999999999,2.2
141,0.5758244175977193,A,0.05036270483553662,5.4843377353473155,0.11688892061046591,False,0.78,0.5777777777777778,0.9400000000000001,5.5
142,0.1909930155949011,A,-2.219161366389268,0.185797381534893,-0.16342878171386602,False,0.61,0.18888888888888888,0.41,0.2
143,0.45546925510763714,A,1.4848686935432376,1.7083002166442602,0.2940703075908755,False,0.735,0.4555555555555555,0.62,1.7
144,-0.1690006895299173,A,-4.985104240157925,1.3961000659926242,-0.5050610917500212,False,0.425,-0.16666666666666666,0.575,1.4
145,0.15922695105553886,A,-1.9567588022825284,-6.612494346567655,-0.13101842538099923,False,0.605,0.15555555555555556,0.015,-6.6
146,1.3348362046905975,A,2.31815196591519,0.7671677123328425,0.3969923498191153,True,0.9550000000000001,1.3333333333333333,0.495,0.75
147,-0.38772128594909583,A,-1.0878427821365326,-2.819626424870941,-0.023695244557154296,False,0.305,-0.3888888888888889,0.135,-2.8
148,-0.46690287061535163,A,1.2301269780612434,9.500241910038527,0.26260617232328437,False,0.265,-0.4666666666666667,1.0,9.5
149,0.459795515127171,A,-2.977554962486336,0.8179107318681829,-0.2571009101617866,False,0.74,0.4555555555555555,0.5,0.8
150,-0.14514232207931718,A,-1.6008319785393947,-3.0710776281203365,-0.0870565257509028,False,0.44000000000000006,-0.14444444444444446,0.11499999999999999,-3.05
151,-0.9244520486742009,A,-3.593383043552424,4.786509112159853,-0.33316422004247254,False,0.12,-0.9222222222222223,0.8949999999999999,4.8
152,0.3943586488839046,A,-1.691386061012779,7.4761214848972175,-0.09824121097053483,False,0.7150000000000001,0.3888888888888889,0.9800000000000001,7.5
153,0.4205376776259764,A,0.37358876921957873,-2.0372173691057327,0.1568118228824711,False,0.725,0.4222222222222222,0.205,-2.05
154,-0.6591512991259773,A,-2.5775604163209,2.480731338836547,-0.20769603556935823,False,0.195,-0.6555555555555556,0.7150000000000001,2.5
155,-0.06387696618747801,A,1.345420146569478,-0.25183011987284715,0.27684647781274274,False,0.48,-0.06666666666666667,0.36,-0.25
156,0.7510644359555766,A,-2.7781951556006623,2.2230621889223077,-0.23247720878290878,False,0.85,0.7555555555555555,0.6900000000000001,2.2
157,-1.018759353934502,A,-3.8123027736385344,-2.0339973569213994,-0.36020384324333293,False,0.095,-1.0222222222222221,0.21000000000000002,-2.05
158,0.12552609384888005,A,0.7539352571564331,0.6134963910206491,0.2037898897544604,False,0.5900000000000001,0.12222222222222223,0.475,0.6
159,0.9425530231045924,A,1.617151801164101,3.385604947784863,0.31040910622040085,True,0.9,0.9444444444444444,0.8,3.4
160,-0.04058262286165119,A,1.6903532431185249,0.32670872940923146,0.3194504996454189,True,0.495,-0.044444444444444446,0.43,0.35
161,0.6913384453738022,A,-1.6362603028705447,0.9990905589580041,-0.09143241521584669,False,0.8300000000000001,0.6888888888888889,0.5349999999999999,1.0
162,1.4356557698392416,A,-1.708205502490993,1.9839404698948628,-0.10031864528785714,False,0.9650000000000001,1.4333333333333333,0.65,2.0
163,1.0325151884235237,A,0.6018425911696603,-1.5510750653736556,0.18500433589744153,False,0.9199999999999999,1.0333333333333334,0.24500000000000002,-1.55
164,0.6063216883261836,A,-1.0341035933697986,-1.599174965001624,-0.017057709352808682,False,0.79,0.6111111111111112,0.24,-1.6
165,-0.11653343242586064,A,-2.3276919902492104,4.487264958008817,-0.17683381913910332,False,0.45,-0.1111111111111111,0.875,4.5
166,-0.9342035026314066,A,-4.81547724488333,-1.6374230605919315,-0.4841098050153123,False,0.12,-0.9333333333333333,0.23500000000000001,-1.65
167,0.2074095063950706,A,0.5470541976041168,-2.7293893042531523,0.17823720934740414,False,0.62,0.2111111111111111,0.145,-2.75
168,-0.30247703552760286,A,-3.8708803051774403,3.784642795713232,-0.3674389808904765,False,0.35,-0.30000000000000004,0.8300000000000001,3.8
169,-0.45639007988229785,A,-4.665365918909847,-2.1090522678346746,-0.4655689741321939,False,0.275,-0.4555555555555555,0.2,-2.1
170,0.6538162296399457,A,-1.0953323272328575,3.3844022556777573,-0.024620307260597322,False,0.8099999999999999,0.6555555555555556,0.8,3.4
171,0.6957241339915091,A,-0.5048103743424371,2.3721238419185906,0.04831734478068974,False,0.8300000000000001,0.7,0.7,2.35
172,0.870182945848045,A,-4.1189386477115475,2.427472117833212,-0.398077626897001,False,0.885,0.8666666666666667,0.705,2.45
173,-0.8575148026147658,A,-2.0380127251576754,1.6720615437949657,-0.14105441189199827,False,0.145,-0.8555555555555556,0.615,1.65
174,-0.37764564046166205,A,-0.14526893573791,3.1711099564615535,0.09272569948283411,False,0.31,-0.37777777777777777,0.775,3.15
175,-0.3300650959782875,A,-0.45293223558912254,0.3578125769892304,0.05472501449460641,False,0.335,-0.3333333333333333,0.43499999999999994,0.35
176,0.6857863481143686,A,-3.418515567468276,0.32524327619977017,-0.3115656612394767,False,0.825,0.6888888888888889,0.425,0.35
177,0.22114746338917865,A,0.8925154228070908,0.8259441103521727,0.22090646239427084,False,0.625,0.2222222222222222,0.505,0.85
178,1.2449731465037428,A,0.6020271308560486,5.519229229907657,0.18502712910837593,False,0.945,1.2444444444444445,0.945,5.5
179,0.48483021596110976,A,-1.5005140546958229,2.784776129412199,-0.07466587069228461,False,0.745,0.48888888888888893,0.74,2.8
180,-2.163199151911428,A,-3.2799034155450313,-1.9447913495417297,-0.29444513785133486,False,0.005,-2.1666666666666665,0.215,-1.95
181,-0.04710881997441973,A,-1.2827145294171216,5.479104809916793,-0.047764608322986624,False,0.49000000000000005,-0.044444444444444446,0.9400000000000001,5.5
182,0.694270628114591,A,-2.6924071534228573,1.3808649134298363,-0.22188120058789587,False,0.8300000000000001,0.6888888888888889,0.575,1.4
183,0.5382065991767396,A,2.738457736606189,5.66883801850599,0.44890594236813564,True,0.765,0.5333333333333333,0.9550000000000001,5.65
184,1.1667111019283332,A,2.0527024511396057,6.590723462972887,0.3642056528157902,True,0.9349999999999999,1.1666666666666667,0.975,6.6
185,0.7144330315197975,A,2.260145823457731,0.6435908309627877,0.38982778664900647,True,0.835,0.7111111111111111,0.48,0.65
186,-0.8738918758420114,A,-3.066974630013248,1.6454499034053192,-0.26814547940057953,False,0.13999999999999999,-0.8777777777777778,0.61,1.65
187,-0.44263446074356183,A,-1.0124574829891642,0.5879950310809815,-0.01438411447752556,False,0.27999999999999997,-0.4444444444444444,0.465,0.6
188,0.1969868465099882,A,0.1498747553042107,-0.6532782756383388,0.12918003912938403,False,0.615,0.2,0.32,-0.65
189,-0.35021778927736114,A,-0.9378972711924042,8.125256334436946,-0.005174894130105403,False,0.325,-0.35555555555555557,0.99,8.15
190,-0.5133336760543658,A,0.015810231195309554,-3.1421992497692326,0.11262121085437445,False,0.25,-0.5111111111111111,0.11000000000000001,-3.15
191,0.31755186671282887,A,-2.3237022200114645,-3.92561969725563,-0.1763410271744676,False,0.6799999999999999,0.3222222222222222,0.08,-3.95
192,-0.034471591964529674,A,2.524748915412338,0.8703576849647053,0.422509938693598,True,0.495,-0.03333333333333333,0.51,0.85
193,0.29471723124700383,A,3.1545021951928454,-1.5204104783986792,0.500293203765563,True,0.665,0.30000000000000004,0.25,-1.5
194,1.0096526275729072,A,-0.984174096274308,4.436343830016655,-0.010890723912348474,False,0.915,1.011111111111111,0.8699999999999999,4.45
195,0.8823016926809245,A,-2.491972057899411,6.497226888913233,-0.19712468614741738,False,0.885,0.8777777777777778,0.97,6.5
196,-0.31700681182596185,A,-1.5191067810259156,-2.8077235026238414,-0.07696233028523529,False,0.34500000000000003,-0.3222222222222222,0.135,-2.8
197,0.3158225605825353,A,-2.6606432736707157,2.537649439216521,-0.21795792085629054,False,0.6799999999999999,0.3111111111111111,0.72,2.55
198,0.8841325983171175,A,2.618896104162263,3.895671373278697,0.43413842237671285,True,0.89,0.8888888888888888,0.8400000000000001,3.9
199,-0.15175502034615937,A,0.039374210762395834,-0.9035056529098304,0.11553168917606874,False,0.43499999999999994,-0.15555555555555556,0.29500000000000004,-0.9
200,-0.7833626364794752,A,-2.0388770419027895,2.0252376972131487,-0.14116116699856124,False,0.16499999999999998,-0.7888888888888889,0.655,2.05
201,-0.07128164469879102,A,-2.5559679967784668,-4.560531713297616,-0.20502907225731395,False,0.475,-0.06666666666666667,0.05,-4.55
202,-0.5168024984330682,A,-2.44735881624519,-7.791468167744341,-0.1916143319932963,False,0.24500000000000002,-0.5222222222222223,0.01,-7.8
203,-0.9619912572690621,A,-1.3386854620280288,-1.2506415462104907,-0.05467779484758349,False,0.11499999999999999,-0.9666666666666666,0.27999999999999997,-1.25
204,0.3660924485241015,A,-1.0984032063669271,-1.4526718826365361,-0.02499960342841174,False,0.705,0.36666666666666664,0.265,-1.45
205,-1.0956633012351624,A,-1.4421711171367209,2.166252064960627,-0.06745970865559235,False,0.075,-1.1,0.6799999999999999,2.15
206,0.09538740277247831,A,1.5509736198172754,0.5434567295601924,0.3022351828968498,False,0.575,0.1,0.45999999999999996,0.55
207,-0.43472636022015837,A,-2.7469058818106435,-1.6782280850678395,-0.22861254947066736,False,0.28500000000000003,-0.43333333333333335,0.22999999999999998,-1.7
208,-0.4415559797882683,A,0.8981336659510378,0.3931570216462026,0.2216003933506236,False,0.27999999999999997,-0.4444444444444444,0.44000000000000006,0.4
209,0.2530650457419548,A,-2.7292005947538915,4.103981901224493,-0.22642570093723763,False,0.645,0.25555555555555554,0.8550000000000001,4.1
210,-0.319549591504402,A,0.14149798372779593,0.5202703111656718,0.1281453916493381,False,0.34500000000000003,-0.3222222222222222,0.45999999999999996,0.5
211,-0.0989267660958904,A,0.1565099320552799,5.269282123090923,0.12999957549163632,False,0.465,-0.1,0.925,5.25
212,-0.17016330213398478,A,-1.4547788203452925,-4.370239371731918,-0.06901693487752293,False,0.425,-0.16666666666666666,0.06,-4.35
213,-1.6735154136614658,A,-1.4560036643091607,-5.817931755966733,-0.06916822009630982,False,0.025,-1.6777777777777778,0.025,-5.8
214,0.4572163678667625,A,-2.89757516818968,7.6728309969099096,-0.24722229620308472,False,0.735,0.4555555555555555,0.985,7.65
215,0.5070987622100955,A,-0.27634967624281037,0.19289680744832732,0.07653540986961326,False,0.755,0.5111111111111111,0.41500000000000004,0.2
216,0.9832644251793925,A,2.439962199441096,-5.901900384748913,0.41203760323347755,True,0.9099999999999999,0.9777777777777779,0.025,-5.9
217,-0.7905790767010227,A,2.8965436487335467,2.360937428703983,0.4684317452530868,True,0.155,-0.7888888888888889,0.7,2.35
218,-0.5977301046387382,A,1.5387704101640451,3.46905566644992,0.30072791723954856,False,0.215,-0.6000000000000001,0.8099999999999999,3.45
219,-0.11740422212954035,A,2.0473868012847323,-4.02961498088009,0.3635490963277708,True,0.45,-0.12222222222222223,0.06999999999999999,-4.05
220,0.038737567089723965,A,2.474054195708158,2.3027590334150747,0.41624843764691255,True,0.54,0.03333333333333333,0.6950000000000001,2.3
221,-0.054889144256638406,A,-1.0660843425498292,0.21119433711681226,-0.02100777546685473,False,0.485,-0.05555555555555555,0.41500000000000004,0.2
222,-1.4161111024991362,A,-2.7107344516843446,1.5929212959988028,-0.22414487613274275,False,0.04,-1.411111111111111,0.6,1.6
223,0.346086662334101,A,-2.9366618590762754,3.485349304625577,-0.2520500446811516,False,0.6950000000000001,0.34444444444444444,0.8150000000000001,3.5
224,0.021849633578469946,A,-2.8809881084981863,-2.7861705347217685,-0.24517356425968354,False,0.53,0.022222222222222223,0.135,-2.8
225,-0.2665951644798818,A,1.6965399056415273,-0.7971429684775526,0.3202146382793697,True,0.365,-0.26666666666666666,0.305,-0.8
226,0.060633904494888466,A,-0.6700517150976762,5.141619818002213,0.027907747210524803,False,0.5549999999999999,0.05555555555555555,0.915,5.15
227,-0.5163799620175741,A,-2.785324953067233,1.966669061593214,-0.2333578376641827,False,0.24500000000000002,-0.5111111111111111,0.645,1.95
228,-0.3932740054923955,A,-1.017196073152097,2.158440647886154,-0.014969396089459807,False,0.3,-0.3888888888888889,0.6799999999999999,2.15
229,0.17049738836769981,A,-1.7701289932091444,-1.0209921867182927,-0.10796705530390358,False,0.605,0.16666666666666666,0.29,-1.0
230,2.144302706040744,A,2.5829801946575137,0.9297016541296399,0.429702309379759,True,0.9949999999999999,2.1444444444444444,0.52,0.95
231,-0.41561154167928294,A,-0.11444186163960529,0.3464865108108882,0.09653327072218879,False,0.29,-0.41111111111111115,0.43,0.35
232,0.11186904109231402,A,-0.6028277910585597,3.187951265024325,0.036210834261591385,False,0.585,0.1111111111111111,0.78,3.2
233,-0.44730227098447695,A,-0.20507258251194677,4.720501320777529,0.08533911959726947,False,0.275,-0.4444444444444444,0.885,4.7
234,0.6865315313376681,A,-3.678582149816354,-1.9038940987003796,-0.34368749142381655,False,0.825,0.6888888888888889,0.22000000000000003,-1.9
235,0.011552954914859337,A,0.6827986455972459,-4.940959723106694,0.19500353152357,False,0.52,0.011111111111111112,0.04,-4.95
236,-0.26480751693676763,A,-5.94871303823643,5.684837319477577,-0.6240801440886476,False,0.365,-0.26666666666666666,0.9550000000000001,5.7
237,0.3782391140787041,A,1.0986579377276948,2.6517920384239178,0.24636792229529653,False,0.71,0.37777777777777777,0.725,2.65
238,0.7319690119904422,A,1.9954502443232833,1.3962136661234625,0.3571342111548574,True,0.845,0.7333333333333333,0.58,1.4
239,-0.4884505972408514,A,-1.215294593193243,-4.528740516111665,-0.03943731104830678,False,0.26,-0.48888888888888893,0.05500000000000001,-4.55
240,-0.47423994402961767,A,1.9034882385336978,4.081647660315858,0.3457756278770156,True,0.265,-0.47777777777777775,0.85,4.1
241,-0.33646450984576176,A,-2.861201235760349,-2.6202282683755893,-0.24272961102191898,False,0.335,-0.3333333333333333,0.15,-2.6
242,-1.5361479545383134,A,-2.7459979786295645,-4.276849047093134,-0.22850041083469527,False,0.034999999999999996,-1.5333333333333334,0.065,-4.3
243,0.2420881230338035,A,-2.3035584722975257,5.479842023930144,-0.17385299492710526,False,0.64,0.24444444444444446,0.9400000000000001,5.5
244,-0.2592469147813859,A,2.196859226671065,2.6735209770353983,0.38201101412647903,True,0.37,-0.25555555555555554,0.725,2.65
245,-1.9021756649563801,A,-2.6113187396080617,0.6564562550111244,-0.21186565674155058,False,0.015,-1.9000000000000001,0.48,0.65
246,-0.21155396733925527,A,-2.171090480311037,-0.42703391298793414,-0.15749136051397888,False,0.395,-0.2111111111111111,0.34500000000000003,-0.45
247,0.7679245718790275,A,-2.778930325434552,1.964643096338704,-0.23256801245459796,False,0.8550000000000001,0.7666666666666667,0.64,1.95
248,-0.22179056491481094,A,-1.9657640670358818,-1.2696602461529638,-0.13213070048593786,False,0.39,-0.2222222222222222,0.275,-1.25
249,0.07242170688642094,A,0.2627363315195097,4.765061652082959,0.1431200092431627,False,0.5650000000000001,0.07777777777777778,0.8949999999999999,4.75
250,-0.7052190425719674,A,-2.9911062158698334,-2.105074008670788,-0.25877467791787245,False,0.185,-0.7,0.2,-2.1
251,0.6666984634872026,A,-2.6368585745043283,-4.364908808258835,-0.21502018060258218,False,0.8150000000000001,0.6666666666666666,0.06,-4.35
252,-0.02157011903904217,A,-4.0636590361196685,-3.282890416536993,-0.39124982810725106,False,0.505,-0.022222222222222223,0.1,-3.3
253,0.04435014014920909,A,2.607080379503691,-2.378015015283195,0.4326790164908787,True,0.545,0.044444444444444446,0.16999999999999998,-2.4
254,-0.32818476854105255,A,-0.37867121836942436,-2.145216022015594,0.0638972801617686,False,0.33999999999999997,-0.3333333333333333,0.195,-2.15
255,-0.19545570514737062,A,-1.2634618219551375,0.47482088128883926,-0.045386631905951595,False,0.40499999999999997,-0.2,0.45,0.45
256,-0.19758711895517977,A,2.019774183438476,-0.17459229828881537,0.36013855502179326,True,0.4,-0.2,0.37,-0.15
257,-0.9629808565086907,A,-0.2403752531191723,2.413261763972024,0.08097875011011546,False,0.11499999999999999,-0.9666666666666666,0.705,2.4
258,-0.25991249785048337,A,-3.066797847668306,3.0845453709059245,-0.26812364432891234,False,0.37,-0.25555555555555554,0.77,3.1
259,0.615866932922073,A,-1.464220736661844,-2.565591323122434,-0.0701831425071102,False,0.795,0.6111111111111112,0.155,-2.55
260,0.0694610413536455,A,0.22754253496752677,1.5511665268074757,0.13877308721197326,False,0.5599999999999999,0.06666666666666667,0.595,1.55
261,0.2920104758105852,A,-1.4662356552677385,0.4395920903053778,-0.07043201290295054,False,0.665,0.2888888888888889,0.445,0.45
262,0.062346191106206275,A,0.07164504553830883,4.880817098942695,0.11951758488485058,False,0.5549999999999999,0.06666666666666667,0.9,4.9
263,0.07615608455329646,A,-0.7107587868237949,-1.689892850234124,0.022879859223216885,False,0.5650000000000001,0.07777777777777778,0.225,-1.7
264,0.3436536671733595,A,-0.26768084498503003,2.978390282333889,0.07760613077133383,False,0.6900000000000001,0.34444444444444444,0.76,3.0
265,0.72920185232653,A,1.4245439535073916,-3.0773759463366996,0.28661936545963157,False,0.8400000000000001,0.7333333333333333,0.11499999999999999,-3.1
266,0.4433513712745199,A,1.1744801876075766,4.374055441562989,0.255733021851134,False,0.735,0.4444444444444444,0.865,4.35
267,-0.23064404526518079,A,-2.0420774358489826,4.720230190325089,-0.14155646004211347,False,0.38,-0.23333333333333334,0.885,4.7
268,1.0972385870012553,A,-3.4430105329028153,-0.3397198474461198,-0.31459112922907967,False,0.925,1.1,0.355,-0.35
269,0.23533716583553538,A,-0.8973251494914447,6.373950453909127,-0.0001636743427345817,False,0.63,0.23333333333333334,0.9650000000000001,6.35
270,0.06785857773597864,A,2.5372243482400147,-1.5342884251964628,0.4240508276888262,True,0.5599999999999999,0.06666666666666667,0.25,-1.55
271,-0.9046427627473353,A,1.7198817156985347,-3.8611602907352873,0.3230976755849577,True,0.13,-0.8999999999999999,0.08499999999999999,-3.85
272,-0.9237726006255449,A,-2.3630142427003356,7.764244500600324,-0.1811966072555897,False,0.12,-0.9222222222222223,0.99,7.75
273,0.6233331649678884,A,-2.83878471112201,1.663095410876002,-0.23996085929974634,False,0.8,0.6222222222222222,0.61,1.65
274,1.407263110122664,A,3.211893162357181,1.6296167231864274,0.5073817842541565,True,0.9650000000000001,1.411111111111111,0.605,1.65
275,0.679991380236393,A,-0.6393285704940206,-0.6472021387831388,0.03170248171573194,False,0.82,0.6777777777777777,0.32,-0.65
276,-0.6985926282396525,A,-3.5353266950155784,-2.241111722475281,-0.3259934557251739,False,0.185,-0.7,0.175,-2.25
277,0.45089812648418653,A,-0.02267282284097738,-0.7180460152482868,0.10786801990009066,False,0.735,0.4555555555555555,0.31,-0.7
278,-0.28726536008689996,A,-0.6238784895791964,-3.1187407491704877,0.03361078100970295,False,0.355,-0.2888888888888889,0.11000000000000001,-3.1
279,-0.11481367004141727,A,-1.0047729705270096,0.6390128468625652,-0.013434970600099605,False,0.45,-0.1111111111111111,0.48,0.65
280,0.2693374576102347,A,-1.1024782734873488,3.391469518704976,-0.025502930741171884,False,0.65,0.26666666666666666,0.8,3.4
281,-0.3754588842388217,A,-3.841518512448679,7.716227608746736,-0.3638123922245067,False,0.31,-0.37777777777777777,0.985,7.7
282,0.9249935735127831,A,1.8638344305896086,0.05211750518349634,0.3408778325761274,True,0.8949999999999999,0.9222222222222223,0.39,0.05
283,-0.4170949260995198,A,-2.0367046752048648,0.6947338707525026,-0.14089284957946485,False,0.29,-0.4222222222222222,0.485,0.7
284,-1.5777641356275494,A,-2.4395856656455983,2.7837672025662314,-0.19065424007643786,False,0.03,-1.5777777777777777,0.74,2.8
285,1.8066681718388051,A,0.051260666658993426,4.0634415493338025,0.11699983135087966,False,0.985,1.8111111111111111,0.845,4.05
286,-0.29347470690755667,A,1.9145355811745697,2.9132079302891225,0.347140127925789,True,0.355,-0.2888888888888889,0.755,2.9
287,0.9403517130942362,A,1.6262343813060305,4.452485723957501,0.31153093084823497,True,0.9,0.9444444444444444,0.875,4.45
288,-0.11011168100403362,A,1.9528719917030883,4.506252209803835,0.3518752063728386,True,0.45499999999999996,-0.1111111111111111,0.8800000000000001,4.5
289,0.5113210899404531,A,0.6967056187682052,0.8742583582108452,0.19672123560743357,False,0.76,0.5111111111111111,0.515,0.85
290,-0.90010676626766,A,-1.2104139381392673,0.18924274193437463,-0.03883448245181176,False,0.13,-0.8999999999999999,0.41,0.2
291,-0.044075390992410285,A,1.1693838801291723,6.108214687994914,0.2551035571890061,False,0.49000000000000005,-0.044444444444444446,0.96,6.1
292,-0.574978003044611,A,-1.9864684346003134,-2.5229406984476874,-0.13468797706093702,False,0.225,-0.5777777777777778,0.16,-2.5
293,0.8512284230589053,A,1.414743396431827,0.32235804354358155,0.2854088607217647,False,0.8800000000000001,0.8555555555555556,0.425,0.3
294,1.0787095043104733,A,-1.43138288979633,5.598427781673743,-0.06612721294049785,False,0.925,1.0777777777777777,0.95,5.6
295,0.2818817572174459,A,1.7920151167669351,3.1991067933854223,0.33200715114624635,True,0.655,0.2777777777777778,0.78,3.2
296,0.8128502449854991,A,-2.0417896315834096,5.205115704553366,-0.14152091222331414,False,0.8699999999999999,0.8111111111111111,0.9199999999999999,5.2
297,0.6841192217263432,A,-1.2654289424182668,-0.7037735499576008,-0.0456295985681743,False,0.825,0.6888888888888889,0.31,-0.7
298,1.5655294538607767,A,0.6585532052174795,3.2365628826631814,0.19200888333927918,False,0.975,1.5666666666666667,0.7849999999999999,3.25
299,1.6107078233088985,A,0.9909886597451016,2.1211028213259455,0.23306927303324576,False,0.975,1.6111111111111112,0.675,2.1
300,-0.27500888055427847,A,-2.833033081476359,4.096411577691553,-0.2392504532602901,False,0.36,-0.2777777777777778,0.85,4.1
301,0.2673747241368732,A,0.2561836458275994,1.1556239402999506,0.14231066167091222,False,0.65,0.26666666666666666,0.545,1.15
302,0.13930058976838045,A,-0.4663059845301877,2.1366691241258082,0.05307317099924367,False,0.595,0.14444444444444446,0.675,2.15
303,-0.46202254583899016,A,0.5539991856472841,0.6795038257724422,0.17909501170148098,False,0.27,-0.4666666666666667,0.485,0.7
304,-0.9190618495819938,A,-2.735748146091826,-1.6723859136155996,-0.2272344143455558,False,0.125,-0.9222222222222223,0.23500000000000001,-1.65
305,0.7353711013373802,A,2.2289246259410906,2.903276680280167,0.385971535700782,True,0.845,0.7333333333333333,0.755,2.9
306,-0.38290819851471647,A,-4.011962251617691,-3.531755606289811,-0.3848645581588562,False,0.31,-0.37777777777777777,0.09,-3.55
307,0.045891607025052225,A,-0.37824662194325664,-2.0337964162307296,0.06394972370978272,False,0.55,0.044444444444444446,0.21000000000000002,-2.05
308,0.5274858593300051,A,-0.7310895207604151,3.2372659745971895,0.020368731583753224,False,0.765,0.5222222222222223,0.7849999999999999,3.25
309,1.6138315321205616,A,0.7749632266798663,1.5479426523565225,0.2063871356599307,False,0.9800000000000001,1.6111111111111112,0.5900000000000001,1.55
310,-0.10816668861895326,A,-1.8520709137178806,3.8830387921099914,-0.11808801906555066,False,0.45499999999999996,-0.1111111111111111,0.835,3.9
311,-0.17491275703396067,A,0.04406393934819916,5.07482861840754,0.11611093570549094,False,0.42000000000000004,-0.17777777777777778,0.915,5.05
312,0.046649551264890045,A,2.1876330461241786,-1.2205592660492448,0.38087145285681734,True,0.55,0.044444444444444446,0.27999999999999997,-1.2
313,-2.526761948289158,A,-0.8803628231294298,0.8450253342186027,0.001931408239627892,False,0.0,-2.522222222222222,0.505,0.85
314,-1.901756638590536,A,-2.376604684094284,0.2973862265065532,-0.1828752152745252,False,0.015,-1.9000000000000001,0.42000000000000004,0.3
315,1.4518353385918008,A,3.5957553993204505,0.7015537269792815,0.5547940948962513,True,0.9650000000000001,1.4555555555555555,0.49000000000000005,0.7
316,-0.34810226733274374,A,-1.4741374201770836,-0.7109283629403952,-0.07140799047101364,False,0.325,-0.34444444444444444,0.31,-0.7
317,-1.7198704868868837,A,-6.975612301391846,2.063896586621879,-0.7509164467373021,False,0.02,-1.7222222222222223,0.665,2.05
318,0.3048912758870225,A,-2.522630104324395,-1.41805686494971,-0.20091138012461157,False,0.67,0.30000000000000004,0.265,-1.4
319,-0.3421538076149925,A,0.7783026420093359,-0.003985566409208052,0.20679959977261947,False,0.32999999999999996,-0.34444444444444444,0.385,-0.0
320,-1.7652259781796948,A,-1.7035235605105328,2.8880234570510632,-0.09974036051219924,False,0.015,-1.7666666666666666,0.755,2.9
321,-0.8397373432221928,A,-4.12270095857114,6.0965255559830265,-0.39854232447344995,False,0.15,-0.8444444444444444,0.96,6.1
322,0.5431871475573977,A,-0.7603415666655289,7.733179204357273,0.016755698172751722,False,0.77,0.5444444444444445,0.985,7.75
323,-0.9341986741178901,A,-2.673249909898908,0.48302429429486937,-0.21951501529134468,False,0.12,-0.9333333333333333,0.45499999999999996,0.5
324,0.3111724205863962,A,0.2902742610347699,-0.8123151527319654,0.1465213255042946,False,0.675,0.3111111111111111,0.3,-0.8
325,0.25340617239219465,A,0.30607194918006336,5.056854101874455,0.1484725591127291,False,0.645,0.25555555555555554,0.915,5.05
326,0.14734637975282708,A,-1.2704995935090584,5.3758194845731015,-0.04625589431056402,False,0.6,0.14444444444444446,0.9349999999999999,5.4
327,0.36584406875215336,A,-0.37079001472209905,-1.5768275421144586,0.06487071812877641,False,0.7,0.36666666666666664,0.24500000000000002,-1.6
328,0.7563587883300787,A,1.6222972517279768,1.8216584161851777,0.3110446407352257,True,0.85,0.7555555555555555,0.63,1.8
329,0.7012456392506826,A,0.7694303464305822,5.4616930444017795,0.20570374820509835,False,0.835,0.7,0.9349999999999999,5.45
330,-0.7454472945424174,A,-0.19307959989798906,0.9742322257150148,0.08682041929925763,False,0.16999999999999998,-0.7444444444444445,0.53,0.95
331,-0.35799482449196485,A,-1.8328309815614554,-2.5161251703594676,-0.11571162057595256,False,0.32,-0.35555555555555557,0.16,-2.5
332,-0.599826298021219,A,-3.610400437308418,1.9521840368798946,-0.33526610421180597,False,0.215,-0.6000000000000001,0.64,1.95
333,-0.9767931843586776,A,-1.106488919409492,2.630174623566161,-0.02599830114238772,False,0.10500000000000001,-0.9777777777777779,0.725,2.65
334,-0.6555479841795996,A,0.2688104690172446,0.680245235792274,0.14387024947570992,False,0.195,-0.6555555555555556,0.485,0.7
335,-0.42249867907477084,A,-3.1372816265120536,-4.188885893559884,-0.2768293686643026,False,0.29,-0.4222222222222222,0.065,-4.2
336,0.6106488751853802,A,-1.3066494687986596,2.1387474095959096,-0.05072090532717923,False,0.795,0.6111111111111112,0.6799999999999999,2.15
337,0.21019174017866435,A,-1.3459322423092315,9.153772029106872,-0.05557287272907945,False,0.62,0.2111111111111111,1.0,9.15
338,-0.2250211107982861,A,-1.56511191104893,-3.946063356577705,-0.0826446019591479,False,0.385,-0.2222222222222222,0.075,-3.95
339,-0.3828353460540869,A,-4.076057540997695,-3.92510231083281,-0.3927812154336652,False,0.31,-0.37777777777777777,0.08,-3.95
340,0.08687383737818603,A,2.267424589731808,3.241279181550226,0.39072681524428543,True,0.5700000000000001,0.08888888888888889,0.79,3.25
341,0.8267769167275583,A,-1.7682161514356716,3.063260463525264,-0.10773079281272827,False,0.875,0.8222222222222223,0.77,3.05
342,0.26576133196603474,A,0.5158638257856505,-0.8534568926067738,0.17438476580047338,False,0.65,0.26666666666666666,0.3,-0.85
343,-0.39179517385243173,A,-1.16955782136351,1.2620721883171502,-0.033788185333537904,False,0.305,-0.3888888888888889,0.5599999999999999,1.25
344,-0.9080739493290136,A,-4.274918576660555,0.7966131492029204,-0.4173433116482985,False,0.125,-0.911111111111111,0.495,0.8
345,2.1086984299691593,A,-1.3386679687757717,1.5514790614204808,-0.054675634188288844,False,0.9949999999999999,2.111111111111111,0.595,1.55
346,0.37650088260073256,A,-0.8339277098764195,-0.6030525362920938,0.007666788806545282,False,0.705,0.37777777777777777,0.335,-0.6
347,-0.285175895168874,A,-0.6695742948032357,-5.382811929510885,0.02796671523896627,False,0.355,-0.2888888888888889,0.03,-5.4
348,-0.1727150325646265,A,-0.32553542662727,-2.409015544961931,0.07046028746413509,False,0.42000000000000004,-0.17777777777777778,0.16499999999999998,-2.4
349,-0.020323787139882126,A,-1.533549397068494,-0.6293434608495873,-0.07874619369340051,False,0.505,-0.022222222222222223,0.325,-0.65
350,-0.33004599588267225,A,-1.9788505312025482,-5.7887783308702945,-0.13374706032686695,False,0.335,-0.3333333333333333,0.025,-5.8
351,0.47239502849384984,A,0.18889434040912645,0.9416579237919656,0.13399949911262,False,0.74,0.47777777777777775,0.525,0.95
352,0.35539174409319346,A,0.5030456374130688,1.8202883215897678,0.17280154174124432,False,0.6950000000000001,0.35555555555555557,0.63,1.8
353,-0.9890357976891774,A,-2.619268590503687,-3.746501624194019,-0.212847573595898,False,0.1,-0.9888888888888889,0.08499999999999999,-3.75
354,-0.5329405137337085,A,-2.1773247219770013,1.6830456413766828,-0.1582613758320339,False,0.24,-0.5333333333333333,0.615,1.7
355,-0.1505243061173111,A,-0.5493404124050364,1.3250032438228279,0.04281726742421282,False,0.43499999999999994,-0.15555555555555556,0.5650000000000001,1.35
356,0.8535965155053886,A,0.6796420419180957,-5.05378429666581,0.1946136471853923,False,0.8800000000000001,0.8555555555555556,0.04,-5.05
357,-1.5365336375894632,A,-2.241859133801996,-2.4017453272534754,-0.16623227081966532,False,0.034999999999999996,-1.5333333333333334,0.16999999999999998,-2.4
358,0.8058034782147248,A,0.5834341128625318,0.6233599540308901,0.1827306334909468,False,0.865,0.8111111111111111,0.475,0.6
359,0.2828810096479399,A,1.1398506740245609,3.679151908909209,0.2514557965935224,False,0.6599999999999999,0.2777777777777778,0.825,3.7
360,-0.3528820122463781,A,-4.640140596664154,6.4747955314098995,-0.46245329694596893,False,0.32,-0.35555555555555557,0.9650000000000001,6.45
361,0.10671495515594545,A,2.1472506196784105,0.5886287885148784,0.3758836630646386,True,0.585,0.1111111111111111,0.47000000000000003,0.6
362,0.3480775749284034,A,-3.641148733374809,1.5948903112706696,-0.33906394527152534,False,0.6950000000000001,0.34444444444444444,0.6,1.6
363,0.8216686933539694,A,2.410173409484834,5.364657661518782,0.40835827448722856,True,0.875,0.8222222222222223,0.93,5.35
364,-0.007138681851074115,A,-1.839399766917118,-2.8536050201206535,-0.11652295667998752,False,0.515,-0.011111111111111112,0.125,-2.85
365,-0.08471667832885392,A,-0.6679008506122501,-4.813626086615451,0.02817340880813027,False,0.465,-0.08888888888888889,0.05,-4.8
366,0.8288006035678726,A,-0.1330856635616906,3.6718023012719554,0.0942305025851809,False,0.875,0.8333333333333334,0.825,3.65
367,-0.3607827968755892,A,1.2506355975702346,0.8507307476350621,0.26513927129830506,False,0.315,-0.35555555555555557,0.505,0.85
368,-0.07020486283700206,A,-0.7556777858553982,-0.39845106887123694,0.01733173979196865,False,0.475,-0.06666666666666667,0.34500000000000003,-0.4
369,-0.13819814387353277,A,-0.2865209126129993,4.08040308379986,0.07527912109733763,False,0.44000000000000006,-0.13333333333333333,0.85,4.1
370,-0.9678427033678372,A,-0.8729686326212295,-2.5488842311716855,0.0028446933288177618,False,0.11000000000000001,-0.9666666666666666,0.16,-2.55
371,-0.1285590684495474,A,0.21528445386799433,-2.1357365314685577,0.13725904416995702,False,0.445,-0.13333333333333333,0.195,-2.15
372,0.9104370965218361,A,-1.0290399046437222,3.8725220462146575,-0.016432273559033057,False,0.89,0.911111111111111,0.835,3.85
373,-0.6101117759765681,A,-1.0795027422675287,-3.9815160559414347,-0.02266513395246227,False,0.21000000000000002,-0.6111111111111112,0.075,-4.0
374,0.3959590150342134,A,-0.5322696284396498,-1.513385071709751,0.0449257460249574,False,0.7150000000000001,0.4,0.255,-1.5
375,0.04398574729838226,A,-1.176470346593011,6.533907580952674,-0.034641978079850116,False,0.545,0.044444444444444446,0.97,6.55
376,-0.14998607798385916,A,-1.7541151881706314,4.720686573101252,-0.10598912826149808,False,0.43499999999999994,-0.14444444444444446,0.89,4.7
377,-0.01723611325251685,A,-2.0134325234637926,2.103370192993961,-0.1380184160420933,False,0.51,-0.022222222222222223,0.67,2.1
378,0.07693256273294699,A,0.0003405096576727801,1.496184278516368,0.11071048567105998,False,0.5650000000000001,0.07777777777777778,0.5900000000000001,1.5
379,0.8304916667857162,A,0.5361995112683302,0.9376624556213508,0.17689650502455598,False,0.875,0.8333333333333334,0.525,0.95
380,-1.3707126457761611,A,3.328542488780157,-0.3467179189116738,0.5217895940567302,True,0.045,-1.3666666666666667,0.35,-0.35
381,1.613583901976414,A,-1.0333757364620688,3.960874500562001,-0.016967808928934524,False,0.975,1.6111111111111112,0.8400000000000001,3.95
382,0.4786591157550393,A,-2.0508259986265096,1.278309247818822,-0.1426370288924421,False,0.745,0.47777777777777775,0.5599999999999999,1.3
383,-0.27129261972440166,A,0.13084807103425106,-2.1382653081364698,0.12682997971162813,False,0.365,-0.26666666666666666,0.195,-2.15
384,-0.060677985252024426,A,0.40812186531058947,-3.037754784505493,0.16107713924245726,False,0.48,-0.05555555555555555,0.12,-3.05
385,0.40063679137082864,A,-0.7369051984298884,2.4629032954401664,0.019650414724974155,False,0.72,0.4,0.71,2.45
386,0.05999421253539886,A,-1.286771581489984,-2.4565524069453155,-0.04826571052749473,False,0.5549999999999999,0.05555555555555555,0.16499999999999998,-2.45
387,-0.5645737681503553,A,-2.353729901716747,-2.151588416386839,-0.18004986236527856,False,0.22999999999999998,-0.5666666666666667,0.19,-2.15
388,-1.1915332950739994,A,-1.6408336869862015,-2.743912587355312,-0.09199729158944499,False,0.065,-1.1888888888888889,0.13999999999999999,-2.75
389,-1.3652973268364026,A,-2.821825054089902,2.0949239213009774,-0.2378661064166524,False,0.045,-1.3666666666666667,0.67,2.1
390,1.016432029868108,A,0.2937867526665696,1.7005024641270068,0.1469551669409832,False,0.915,1.011111111111111,0.62,1.7
391,-0.5469844674536335,A,-0.046782304478843906,-2.224237174274685,0.10489016450624584,False,0.24,-0.5444444444444445,0.18,-2.2
392,-0.6419325126481539,A,-0.003316501404070804,1.072890168911078,0.11025879408021055,False,0.2,-0.6444444444444444,0.545,1.05
393,0.03711857271750692,A,-4.5663913825375,-0.5048886400702101,-0.45334424605978374,False,0.54,0.03333333333333333,0.33999999999999997,-0.5
394,-1.1065081375392807,A,-1.114367063409455,6.675911912019892,-0.02697136120050731,False,0.075,-1.1111111111111112,0.975,6.7
395,-1.0571074353675418,A,-1.8596299487514467,-6.665116872484745,-0.11902166474010605,False,0.08499999999999999,-1.0555555555555556,0.015,-6.65
396,-0.02713439657700411,A,-1.8781237901830223,0.9976377814151787,-0.12130591067650277,False,0.5,-0.022222222222222223,0.5349999999999999,1.0
397,0.485642988992977,A,-0.3152457165246365,3.4280042339159884,0.07173120938566248,False,0.745,0.48888888888888893,0.8099999999999999,3.45
398,-0.5620790085832342,A,-1.8274619823151488,4.89222119907721,-0.11504847469810624,False,0.22999999999999998,-0.5666666666666667,0.905,4.9
399,1.1035881909826866,A,-0.8695982524120223,1.6632136153119619,0.0032609820336537915,False,0.93,1.1,0.615,1.65
400,-0.1817877117788013,A,-5.080072061305426,4.733532557794075,-0.5167909349168526,False,0.41500000000000004,-0.17777777777777778,0.89,4.75
401,0.6101335094843413,A,-3.6565451044660993,3.936920533511778,-0.34096561065730563,False,0.795,0.6111111111111112,0.8400000000000001,3.95
402,1.8838921089721241,A,2.3644337914210616,2.8851295066956544,0.402708797223077,True,0.985,1.8888888888888888,0.75,2.9
403,0.18215829457729416,A,-4.946877969463469,4.8859244290707275,-0.5003396171001776,False,0.61,0.17777777777777778,0.905,4.9
404,-0.3385661414018113,A,-2.6917333739234324,2.780713052544068,-0.22179797947403032,False,0.32999999999999996,-0.3333333333333333,0.74,2.8
405,0.29169456759888396,A,-3.6986137166533166,3.405560892493327,-0.3461616677768628,False,0.665,0.2888888888888889,0.805,3.4
406,-2.0398995139182956,A,0.7519996957639372,-3.1709144055134892,0.2035508210752023,False,0.005,-2.0444444444444443,0.10500000000000001,-3.15
407,-0.036572151796684736,A,-4.287219931147483,4.734230807540058,-0.4188626995538834,False,0.495,-0.03333333333333333,0.89,4.75
408,1.604368731556747,A,0.11651830831879395,5.499150697190803,0.12506005525469915,False,0.975,1.6,0.945,5.5
409,-0.3288696176186316,A,1.0283468682193075,1.0328054921268515,0.23768352995839534,False,0.33999999999999997,-0.3333333333333333,0.54,1.05
410,0.7381762359582463,A,-4.817663794652385,2.6955640516481028,-0.48437987424042017,False,0.845,0.7333333333333333,0.73,2.7
411,-0.19389569184857702,A,-2.216432975093985,2.053540723455276,-0.16309178754463355,False,0.40499999999999997,-0.18888888888888888,0.6599999999999999,2.05
412,1.1705066011892158,A,1.9206249336595522,-2.2310086780869587,0.3478922474203014,True,0.9349999999999999,1.1666666666666667,0.175,-2.25
413,-0.5737410566104225,A,-3.9679981902437036,-0.23519368908887972,-0.37943438677382607,False,0.225,-0.5777777777777778,0.365,-0.25
414,0.31068701962802275,A,-1.3483650698038367,3.025170215869266,-0.055873360669298204,False,0.675,0.3111111111111111,0.765,3.05
415,-1.089011718286569,A,-6.517649649457233,-1.67729881756271,-0.6943517070333572,False,0.08,-1.088888888888889,0.22999999999999998,-1.7
416,-0.1928794618861583,A,-2.539733858466673,-1.4085299205976498,-0.20302393099951643,False,0.40499999999999997,-0.18888888888888888,0.27,-1.4
417,0.3042183861059644,A,0.4960384619723801,-3.0854630407846777,0.17193605838100073,False,0.67,0.30000000000000004,0.11000000000000001,-3.1
418,-0.8371451915140526,A,-0.07567192409280266,-4.106146642401566,0.10132189576925095,False,0.15,-0.8333333333333334,0.06999999999999999,-4.1
419,-0.9843750777013622,A,-1.5399086386860499,-5.624909985809044,-0.07953164823929414,False,0.10500000000000001,-0.9888888888888889,0.03,-5.6
420,0.4724372299950545,A,0.6033791630767085,-0.28165650610622767,0.18519412384104655,False,0.745,0.47777777777777775,0.355,-0.3
421,1.279733340053506,A,4.275161486072298,4.625127186508318,0.6387101703405019,True,0.95,1.2777777777777777,0.8800000000000001,4.65
422,0.23671298288323675,A,-0.709661043605066,-1.4961032388234394,0.0230154457370229,False,0.635,0.23333333333333334,0.255,-1.5
423,-0.07864384843661176,A,0.04694579966785967,5.2148926124950465,0.11646688542793249,False,0.47000000000000003,-0.07777777777777778,0.925,5.2
424,-0.0245847038071953,A,-3.5965421716815973,2.967549777046924,-0.3335544161852436,False,0.5,-0.022222222222222223,0.76,2.95
425,-1.1224066570060227,A,-0.2571231565246552,-2.3147973794820818,0.07891015173704723,False,0.075,-1.1222222222222222,0.175,-2.3
426,0.3131725271166576,A,-2.640825018063689,-0.09542783425774032,-0.21551009139888372,False,0.6799999999999999,0.3111111111111111,0.375,-0.1
427,-0.18848387764428898,A,-3.3090689454659277,5.183578108583726,-0.2980474853382619,False,0.41,-0.18888888888888888,0.9199999999999999,5.2
428,-0.8308848240954763,A,-0.944103594901977,0.3764404064328444,-0.0059414611933089195,False,0.155,-0.8333333333333334,0.43499999999999994,0.4
429,-1.694550056290302,A,-0.6233978464333652,-2.036582256408082,0.03367014710499387,False,0.02,-1.7000000000000002,0.205,-2.05
430,-0.9710601031881727,A,0.8000376638929285,-1.1917516226700196,0.20948417645176864,False,0.11000000000000001,-0.9666666666666666,0.28500000000000003,-1.2
431,0.5126934665034397,A,-0.9630609040461615,7.991251441620156,-0.008282951820761032,False,0.76,0.5111111111111111,0.99,8.0
432,-0.5725989632562344,A,-1.0987121186944218,-2.1183440994308738,-0.02503775838563862,False,0.225,-0.5777777777777778,0.2,-2.1
433,-0.5921616914218,A,-1.5704328208626586,3.4700423993870615,-0.08330180812504435,False,0.215,-0.5888888888888889,0.8150000000000001,3.45
434,-1.132363394297314,A,-3.664160404999384,2.489515740929793,-0.34190620590150916,False,0.06999999999999999,-1.1333333333333333,0.7150000000000001,2.5
435,-0.2841989065417427,A,-3.3309912107313364,-0.773068421292065,-0.30075518917223254,False,0.36,-0.2888888888888889,0.305,-0.75
436,1.961306960705014,A,2.1184361430945593,1.8834546975534467,0.3723246755341365,True,0.99,1.9666666666666666,0.635,1.9
437,0.012795770562754155,A,0.36250233543847976,-1.9874286255555296,0.15544249453566428,False,0.525,0.011111111111111112,0.215,-2.0
438,0.1347928402157782,A,0.2577041034700151,3.034733055267775,0.14249845927932156,False,0.595,0.13333333333333333,0.765,3.05
439,-0.5558636943863225,A,0.3855382206051646,-1.0119078611045031,0.15828774587395364,False,0.23500000000000001,-0.5555555555555556,0.29,-1.0
440,-0.055776112775127805,A,-4.950466281586047,-1.7126302917746232,-0.5007828234191487,False,0.48,-0.05555555555555555,0.225,-1.7
441,-1.0110702764285455,A,-0.4335095758263874,-2.9505782362844566,0.05712398237811465,False,0.095,-1.011111111111111,0.125,-2.95
442,-0.09929246900064967,A,0.17568712784161436,1.715484669174526,0.1323682251693408,False,0.45999999999999996,-0.1,0.62,1.7
443,0.4061324288077453,A,-3.9688426481212886,0.9823286475311579,-0.379538689034796,False,0.72,0.41111111111111115,0.53,1.0
444,0.36283015844738614,A,-0.15423547329756043,-1.35930628508552,0.09161820772348495,False,0.7,0.36666666666666664,0.27,-1.35
445,-0.10001112507198312,A,-1.6708768472942552,1.9627960059250646,-0.09570803860239481,False,0.45999999999999996,-0.1,0.64,1.95
446,-0.6748217691623015,A,0.9102492960359525,-3.3201933807005104,0.2230968417164618,False,0.19,-0.6777777777777777,0.1,-3.3
447,-0.7839259885028569,A,-4.548522325976036,2.418162159228664,-0.4511371697209503,False,0.16,-0.7888888888888889,0.705,2.4
448,-0.31777708423124573,A,-1.0124756732748135,3.037980895154047,-0.014386361230112363,False,0.34500000000000003,-0.3222222222222222,0.765,3.05
449,-0.4819328953127848,A,0.15382803052935357,-4.525011810205109,0.12966832345375767,False,0.26,-0.47777777777777775,0.05500000000000001,-4.55
450,0.013995865585763264,A,-0.3200303743728638,1.4391052647994418,0.07114023777561064,False,0.525,0.011111111111111112,0.585,1.45
451,-0.8900318452743883,A,2.8278944543396802,-3.058971922479527,0.4599526175439368,True,0.135,-0.8888888888888888,0.12,-3.05
452,2.048517634532056,A,0.31952909279883057,5.608898627319748,0.15013470300751738,False,0.99,2.0444444444444443,0.95,5.6
453,-0.18760098145756154,A,1.7360781111920631,-3.6374576961710083,0.32509815508118617,True,0.41,-0.18888888888888888,0.09,-3.65
454,0.29829550462928917,A,-2.0740663943204916,0.894119882859506,-0.14550754011752443,False,0.67,0.30000000000000004,0.515,0.9
455,-0.8522939397512671,A,-4.845729213508487,2.4335279519801496,-0.48784634275170885,False,0.145,-0.8555555555555556,0.71,2.45
456,0.0854930341210557,A,-0.6293370323714502,1.5879458452993866,0.03293657526191468,False,0.5700000000000001,0.08888888888888889,0.595,1.6
457,0.24389667223093234,A,-0.9027019487928238,0.4132021087203259,-0.0008277836355733517,False,0.64,0.24444444444444446,0.445,0.4
458,0.15906879990765566,A,-1.6982075692630365,2.221859149499216,-0.09908376185745564,False,0.605,0.15555555555555556,0.6900000000000001,2.2
459,0.33723978236180235,A,1.2316097976894973,-1.6695971012399404,0.2627893211148851,False,0.6900000000000001,0.3333333333333333,0.23500000000000001,-1.65
460,-0.8057338787838837,A,-3.1174759556364338,-0.6793990117252643,-0.2743830935957815,False,0.155,-0.8111111111111111,0.315,-0.7
461,-1.9216084103291236,A,-1.8594397421153945,-0.3561510727609267,-0.11899817158228454,False,0.01,-1.9222222222222223,0.35,-0.35
462,1.339551817514897,A,0.08249904277746323,0.9274527019948371,0.1208582040947065,False,0.9550000000000001,1.3444444444444443,0.52,0.95
463,0.2836961745385809,A,-0.3351544079418131,-2.6670248956590026,0.06927220985130843,False,0.6599999999999999,0.2888888888888889,0.145,-2.65
464,-0.8348134561646515,A,0.32381944004277863,1.1623839899639852,0.15066462040158496,False,0.155,-0.8333333333333334,0.55,1.15
465,-0.1668716996994267,A,0.23524204949564623,4.248284177132229,0.1397240840526327,False,0.425,-0.16666666666666666,0.86,4.25
466,0.5774849728906608,A,0.12007984654219117,-0.16269435101956664,0.12549995462575284,False,0.78,0.5777777777777778,0.375,-0.15
467,-1.0932701998144478,A,-2.4000211923098753,1.8895659755240068,-0.18576747883880235,False,0.08,-1.088888888888889,0.635,1.9
468,0.764962417017832,A,-2.6898018179798893,5.444516108056387,-0.22155940552327566,False,0.8550000000000001,0.7666666666666667,0.9349999999999999,5.45
469,-0.2325249177606664,A,-1.7689873019730473,2.870255551283574,-0.1078260406003698,False,0.375,-0.23333333333333334,0.75,2.85
470,1.2582833625550516,A,-0.5542475728493672,1.6129553629474747,0.042211165044364826,False,0.945,1.2555555555555555,0.605,1.6
471,0.3725161419442773,A,-2.3910210646345047,-7.2406733862455415,-0.18465583823424864,False,0.705,0.37777777777777777,0.01,-7.25
472,-0.9211849946308915,A,-2.9612759172632797,2.023958730049372,-0.255090222277565,False,0.125,-0.9222222222222223,0.655,2.0
473,1.1373242235156504,A,-1.8924541488507343,0.49110863541928695,-0.12307590874180141,False,0.93,1.1333333333333333,0.45499999999999996,0.5
474,0.034867236335083804,A,-1.9242784426368522,-0.6118745928049117,-0.1270066504445782,False,0.5349999999999999,0.03333333333333333,0.32999999999999996,-0.6
475,-0.04445685140463568,A,-1.8024253275395306,-0.475588195307857,-0.1119561005613555,False,0.49000000000000005,-0.044444444444444446,0.34500000000000003,-0.5
476,0.7551511427159404,A,3.006969431788086,0.8994446241252965,0.4820708611257412,True,0.85,0.7555555555555555,0.515,0.9
477,-0.20833018687803945,A,-1.4410456578146256,2.7250164517623623,-0.06732069881858321,False,0.4,-0.2111111111111111,0.735,2.75
478,0.7999745009625917,A,2.9754327450143876,2.2672730420706637,0.47817564287826325,True,0.865,0.8,0.6900000000000001,2.25
479,0.5512433995970223,A,0.5114785865660606,0.35382033692935877,0.17384312793121093,False,0.77,0.5555555555555556,0.43,0.35
480,0.6876847989138166,A,-2.119416385446131,5.330304083882722,-0.1511088930504799,False,0.825,0.6888888888888889,0.925,5.35
481,2.222773288568569,A,0.5094789560287909,-4.3092393694052715,0.17359614582389957,False,0.9949999999999999,2.2222222222222223,0.06,-4.3
482,2.2560608327288323,A,1.6086620084515366,0.3622735535165271,0.3093604990623761,False,1.0,2.2555555555555555,0.43499999999999994,0.35
483,-0.24234147206583895,A,-0.9650936490754087,-1.7144547019652912,-0.008534024027147577,False,0.375,-0.24444444444444446,0.225,-1.7
484,-0.43781716965294837,A,-2.393001986242375,-0.16986756800786607,-0.1849005095292762,False,0.27999999999999997,-0.43333333333333335,0.37,-0.15
485,-0.1569096078045059,A,-0.7705490839435203,0.412709293222581,0.015494928205126626,False,0.43,-0.15555555555555556,0.44000000000000006,0.4
486,-1.023682186565652,A,0.9058210847272978,-4.221956633387267,0.22254989619815374,False,0.095,-1.0222222222222221,0.065,-4.2
487,-0.11304881075991358,A,-0.03152111036190211,0.1063376634594776,0.1067751336607162,False,0.45499999999999996,-0.1111111111111111,0.395,0.1
488,-0.42389594940410613,A,-1.2998900944827256,-0.4976199495051873,-0.049886028842978665,False,0.28500000000000003,-0.4222222222222222,0.33999999999999997,-0.5
489,-0.5834189748011518,A,-1.501131626967318,-1.1850853667137904,-0.07474214943387614,False,0.22000000000000003,-0.5888888888888889,0.28500000000000003,-1.2
490,-0.3216216691922438,A,-0.5211909326230114,1.419108989416311,0.04629411862582357,False,0.34500000000000003,-0.3222222222222222,0.585,1.4
491,-1.1650377139625154,A,-0.6397170512994355,4.827880646792007,0.031654498947824024,False,0.065,-1.1666666666666667,0.9,4.85
492,-0.9377886423800621,A,0.8873678999932797,-0.2797875710437405,0.22027067192783575,False,0.11499999999999999,-0.9333333333333333,0.36,-0.3
493,-1.6040989756187176,A,-0.8270161411744849,2.0850526503498736,0.008520463408435494,False,0.025,-1.6,0.665,2.1
494,-0.01866149673650614,A,-0.43811326950671375,-4.937576182831026,0.05655536235286958,False,0.51,-0.022222222222222223,0.045,-4.95
495,0.3526818437319162,A,-0.5383273301336622,-0.23411012468666142,0.04417753584214345,False,0.6950000000000001,0.35555555555555557,0.37,-0.25
496,1.9141992252561961,A,0.8265117674386702,8.178169138500403,0.21275409544982257,False,0.99,1.911111111111111,0.9949999999999999,8.2
497,-0.4372780806070899,A,1.709881191275275,-1.5822560619465016,0.321862472105995,True,0.27999999999999997,-0.43333333333333335,0.24500000000000002,-1.6
498,-1.142970003492003,A,2.269644644188342,-0.5116555678895639,0.3910010227630251,True,0.06999999999999999,-1.1444444444444446,0.335,-0.5
499,-0.21864915089036135,A,-3.973992068719397,-6.833185739092667,-0.380174713903915,False,0.39,-0.2222222222222222,0.015,-6.85
500,0.39634307655352213,B,5.468235331641753,,0.36794544775220506,True,0.7150000000000001,0.4,,
501,-1.1502714441501787,B,-2.891244427514664,,-0.24854832704557997,False,0.065,-1.1555555555555557,,
502,-0.7373170764612184,B,-2.6009041026978363,,-0.2271363483125393,False,0.175,-0.7333333333333333,,
503,-0.4495123712766595,B,-1.7060823572878911,,-0.16114515609813423,False,0.275,-0.4444444444444444,,
504,0.787118759748197,B,1.2912558175048794,,0.059902131407944974,False,0.86,0.7888888888888889,,
505,0.6599489941328899,B,1.4517158971831223,,0.07173571951094146,False,0.8150000000000001,0.6555555555555556,,
506,0.6357027868611557,B,4.687956179354318,,0.3104015270958029,True,0.805,0.6333333333333333,,
507,-0.1840514356556848,B,-1.2431931317070493,,-0.12700806453104438,False,0.41500000000000004,-0.18888888888888888,,
508,-0.19441412928012594,B,2.977647304663835,,0.1842699011326951,False,0.40499999999999997,-0.18888888888888888,,
509,-0.5642229378338475,B,-8.96891998831867,,-0.6967639165829859,False,0.22999999999999998,-0.5666666666666667,,
510,1.629029605749894,B,3.9081380030299275,,0.25289160243194286,False,0.9800000000000001,1.6333333333333333,,
511,2.4229479835450056,B,2.1030414699569757,,0.11976958914760924,False,1.0,2.4222222222222225,,
512,-0.2733143863595218,B,0.30212844731253513,,-0.013043899179396317,False,0.36,-0.2777777777777778,,
513,1.6377688046351413,B,0.80971738435762,,0.024389700621089107,False,0.9800000000000001,1.6333333333333333,,
514,-0.2504268489823307,B,1.5064323415750729,,0.07577094040010725,False,0.37,-0.25555555555555554,,
515,-0.4206532569516942,B,4.412141714297704,,0.2900607994900765,False,0.29,-0.4222222222222222,,
516,-0.6096177523463303,B,0.17608197642299106,,-0.022339557148245304,False,0.21000000000000002,-0.6111111111111112,,
517,-0.036531771313983344,B,-2.3445055847494505,,-0.2082275053298859,False,0.495,-0.03333333333333333,,
518,0.11695305591136819,B,0.6512907417671102,,0.012706074159504251,False,0.5900000000000001,0.12222222222222223,,
519,0.36617334580178923,B,4.424919389996871,,0.29100312577734255,False,0.705,0.36666666666666664,,
520,-0.8975093633022592,B,0.44927105640974496,,-0.0021924460830988653,False,0.13,-0.8999999999999999,,
521,-0.3519562762275814,B,-2.75880241914657,,-0.23878101184977338,False,0.325,-0.35555555555555557,,
522,-0.4655711857015051,B,-3.0731653104539602,,-0.26196460354471823,False,0.265,-0.4666666666666667,,
523,-0.25241712184099335,B,-1.6136276596161498,,-0.15432681964567638,False,0.37,-0.25555555555555554,,
524,-0.5259174644774618,B,-0.3371672102135721,,-0.06019058826473169,False,0.24500000000000002,-0.5222222222222223,,
525,-0.3248064308631979,B,-1.3543410695578384,,-0.13520498751438773,False,0.33999999999999997,-0.3222222222222222,,
526,-1.1531070628396607,B,-0.1785824713045846,0.8105340480636938,-0.048495302537382934,False,0.065,-1.1555555555555557,0.5,0.8
527,0.2356903418592238,B,4.332503451889866,,0.28418764775998623,False,0.63,0.23333333333333334,,
528,0.8082916996845734,B,3.6660098134787713,,0.23503516568444732,False,0.865,0.8111111111111111,,
529,-1.0007022529090606,B,-1.1978159682082725,-0.008484625520339462,-0.12366159565726845,False,0.1,-1.0,0.385,-0.0
530,-0.05272052665058833,B,-0.3368553121136346,,-0.06016758644613501,False,0.485,-0.05555555555555555,,
531,-1.4825404043972723,B,1.0710561304268635,,0.04366287487438813,False,0.04,-1.4777777777777779,,
532,0.5813533946441043,B,3.074277563275447,,0.19139617628467542,False,0.78,0.5777777777777778,,
533,2.15149697634004,B,4.346809355627372,,0.28524267760049377,False,0.9949999999999999,2.1555555555555554,,
534,0.6755625366532712,B,1.8461280519612073,,0.10082277338638589,False,0.82,0.6777777777777777,,
535,1.2423983860156855,B,0.829293883992237,,0.02583342565001249,False,0.945,1.2444444444444445,,
536,-0.9466859058286484,B,-3.157225353298218,,-0.2681638521362299,False,0.11499999999999999,-0.9444444444444444,,
537,-1.1229070083710553,B,2.2802546141478084,,0.13283867997067444,False,0.075,-1.1222222222222222,,
538,0.764179602784981,B,-0.17790848793428016,,-0.04844559770357975,False,0.85,0.7666666666666667,,
539,-0.34125707767343255,B,0.728548252236964,,0.01840365051990756,False,0.32999999999999996,-0.34444444444444444,,
540,0.23915982104643385,B,2.135308157714417,,0.12214918844193347,False,0.635,0.24444444444444446,,
541,-0.3681515094896558,B,-0.2557351641544663,,-0.054185148822223694,False,0.315,-0.36666666666666664,,
542,-0.10440595766514568,B,2.219943481607594,,0.12839086278189304,False,0.45999999999999996,-0.1,,
543,1.3052388277265188,B,0.005029088987269725,,-0.0349543421951021,False,0.95,1.2999999999999998,,
544,0.39789033637053256,B,0.2333830714219296,,-0.018113723798119822,False,0.72,0.4,,
545,-0.7900390768495148,B,-3.8295465709952614,,-0.31774610573528883,False,0.155,-0.7888888888888889,,
546,-0.5788870655217181,B,0.9704840708625396,,0.03624590032258246,False,0.22000000000000003,-0.5777777777777778,,
547,0.19431925500676228,B,-2.6755060598566436,,-0.23263808328902028,False,0.615,0.18888888888888888,,
548,-0.3807118515772574,B,-1.831311938630424,,-0.17038057020792272,False,0.31,-0.37777777777777777,,
549,-0.17841733664457274,B,-1.143961633118756,0.04880988184417101,-0.11968995348752759,False,0.42000000000000004,-0.17777777777777778,0.39,0.05
550,0.03330521202359057,B,2.5573237110568736,,0.15327193399538663,False,0.5349999999999999,0.03333333333333333,,
551,0.4668387508486711,B,-0.2705614568373358,,-0.05527855623580194,False,0.74,0.4666666666666667,,
552,1.67597377374027,B,2.540779598601885,,0.15205184104320463,False,0.9800000000000001,1.6777777777777778,,
553,0.029006707678091468,B,0.7163684517891897,,0.017505416255256406,False,0.53,0.03333333333333333,,
554,-0.7875716540738916,B,-3.6918859970615134,,-0.3075939324768646,False,0.16,-0.7888888888888889,,
555,-0.9068673960006769,B,-3.1948046549661293,,-0.2709352453576967,False,0.13,-0.911111111111111,,
556,0.24093420421830752,B,-1.7242864270358245,,-0.16248766735468614,False,0.635,0.24444444444444446,,
557,-0.8682318603813325,B,4.180581342220023,,0.27298371670638005,False,0.145,-0.8666666666666667,,
558,-0.7897770218611169,B,-7.217085541598236,,-0.5675698683891957,False,0.16,-0.7888888888888889,,
559,0.1380731145914369,B,-0.9051024681708062,-0.07086266615715,-0.10207460032125967,False,0.595,0.13333333333333333,0.38,-0.05
560,0.3596675501135774,B,2.7664176255899258,,0.16869216352779656,False,0.7,0.35555555555555557,,
561,-0.22628453598025505,B,-1.5257350894282338,,-0.1478449303495779,False,0.385,-0.2222222222222222,,
562,0.05221190182912731,B,6.002066195003746,,0.40731433356081265,True,0.55,0.05555555555555555,,
563,-1.9104345530806983,B,-3.1706081358355904,,-0.2691508037601901,False,0.01,-1.911111111111111,,
564,0.6264241486256903,B,-0.34709781163306186,,-0.06092294890576413,False,0.8,0.6222222222222222,,
565,-0.308357619506495,B,2.6651032467782394,,0.1612204445172331,False,0.35,-0.3111111111111111,,
566,0.24029313709210331,B,-0.8188624580001964,,-0.09571458379625479,False,0.635,0.24444444444444446,,
567,-1.2592149080978587,B,0.5833756915930004,,0.007697484288638522,False,0.05500000000000001,-1.2555555555555555,,
568,-0.8777506930293406,B,3.626210866922259,,0.23210007839403016,False,0.13999999999999999,-0.8777777777777778,,
569,0.4573468759358769,B,2.95898653575124,,0.1828937092883457,False,0.74,0.4555555555555555,,
570,-1.5945315693713302,B,-2.1720012274737375,,-0.19550567748294556,False,0.03,-1.6,,
571,1.0493846031833993,B,-1.8308404136233876,,-0.17034579624592094,False,0.9199999999999999,1.0444444444444445,,
572,0.3289894486080767,B,3.5444034292325295,,0.22606695462067164,False,0.6849999999999999,0.3333333333333333,,
573,0.409438456611105,B,-1.229977537649542,,-0.12603344270032776,False,0.725,0.41111111111111115,,
574,-0.753648688524906,B,2.0277824342579107,,0.11421939603242906,False,0.16999999999999998,-0.7555555555555555,,
575,-0.4160297164340866,B,0.7347357450547406,,0.01885996489755613,False,0.29,-0.41111111111111115,,
576,0.37164156102909524,B,-4.208892383360085,,-0.3457220490423305,False,0.705,0.36666666666666664,,
577,0.77180560062,B,5.0268612030108635,,0.33539504862483166,True,0.8550000000000001,0.7666666666666667,,
578,1.344094949636785,B,-1.178140998430454,,-0.1222106086656349,False,0.9550000000000001,1.3444444444444443,,
579,-0.9788703012619102,B,0.051485483966650314,,-0.03152828230507548,False,0.10500000000000001,-0.9777777777777779,,
580,0.084054117780345,B,0.17659840109973884,1.9671297323689814,-0.022301471931516565,False,0.5700000000000001,0.08888888888888889,0.645,1.95
581,0.5647765148787345,B,-0.23876409837079549,,-0.05293356897410494,False,0.775,0.5666666666666667,,
582,1.0807073012858168,B,4.0822522246754565,,0.2657321543371804,False,0.925,1.0777777777777777,,
583,1.1658649203836164,B,0.1556046333811052,,-0.023849717454081768,False,0.9349999999999999,1.1666666666666667,,
584,0.36375836899267106,B,0.19125456729037826,,-0.021220610983317706,False,0.7,0.36666666666666664,,
585,0.17896137752155833,B,5.757770545689508,,0.3892980512858964,True,0.61,0.17777777777777778,,
586,0.5489784028369159,B,-0.25620087501509226,,-0.05421949400334781,False,0.77,0.5444444444444445,,
587,0.22501682299305945,B,-2.779836053379571,,-0.24033219744261067,False,0.625,0.2222222222222222,,
588,0.06327042117976397,B,0.8622460955195482,,0.02826358085795538,False,0.5599999999999999,0.06666666666666667,,
589,1.0027886188690143,B,-1.433386134823069,,-0.14103439222239275,False,0.915,1.0,,
590,-0.3658764621620485,B,-1.2935180507381867,,-0.13071941980598437,False,0.315,-0.36666666666666664,,
591,0.43887490322852907,B,5.722205633835834,,0.38667521501010954,True,0.73,0.43333333333333335,,
592,0.6117264589651336,B,-0.060208938038062265,,-0.03976550732737649,False,0.795,0.6111111111111112,,
593,0.9378137213232233,B,-2.029416995743269,,-0.18499039497988354,False,0.8949999999999999,0.9333333333333333,,
594,-0.2276234506089924,B,-2.82942439116804,,-0.24398923142438156,False,0.385,-0.2222222222222222,,
595,-0.8729629070009052,B,-2.697205692473381,,-0.23423838483995887,False,0.13999999999999999,-0.8777777777777778,,
596,0.6267438434241394,B,3.864953310840251,,0.24970682363367702,False,0.8,0.6222222222222222,,
597,0.7296472925811219,B,6.7241719039718335,,0.46056808704196117,True,0.8400000000000001,0.7333333333333333,,
598,0.05663463023472217,B,-6.850886678259206,,-0.5405634844884205,False,0.5549999999999999,0.05555555555555555,,
599,1.1808184070217111,B,-0.056231976564673714,,-0.03947221491426081,False,0.9400000000000001,1.1777777777777778,,
600,0.2322812764141097,B,2.9593180201415192,,0.18291815555401503,False,0.63,0.23333333333333334,,
601,0.309970553121775,B,1.4321701072021886,,0.07029425925337557,False,0.675,0.3111111111111111,,
602,0.9115045430120756,B,2.0260059696423793,,0.11408838556190021,False,0.89,0.911111111111111,,
603,0.005709494742024389,B,2.7420505079198607,,0.16689514065243088,False,0.52,0.011111111111111112,,
604,-0.5116276180699092,B,4.504501933125363,,0.2968721683296081,False,0.25,-0.5111111111111111,,
605,-1.0106757883787878,B,-0.24502756780644086,,-0.05339548646502081,False,0.1,-1.011111111111111,,
606,0.42684623215298784,B,4.290222245576299,,0.28106949911506557,False,0.73,0.4222222222222222,,
607,1.381541141094204,B,4.901554154280011,,0.3261539214606397,True,0.96,1.3777777777777778,,
608,-0.741110793350087,B,-1.2464738695439639,,-0.12725001193823635,False,0.175,-0.7444444444444445,,
609,-1.190621237853717,B,-1.115657034114008,,-0.11760254977493867,False,0.065,-1.1888888888888889,,
610,2.2266945858088394,B,1.6197272125563533,,0.0841261951155665,False,1.0,2.2222222222222223,,
611,-1.0654762087961245,B,-1.007550650069582,,-0.10962993488747674,False,0.08499999999999999,-1.0666666666666667,,
612,-0.4591056330104825,B,-0.805955684409297,,-0.09476273681525116,False,0.27,-0.4555555555555555,,
613,-0.5528704879486743,B,2.8403675749114683,,0.17414581431909212,False,0.23500000000000001,-0.5555555555555556,,
614,-1.4128678409211666,B,-0.3715887013822077,,-0.06272909970756126,False,0.04,-1.411111111111111,,
615,0.22145159220361907,B,1.2516862411457794,,0.05698395967960856,False,0.625,0.2222222222222222,,
616,0.2710157307513142,B,4.088537517796855,,0.266195681278301,False,0.655,0.26666666666666666,,
617,0.3602261859530468,B,0.9658051150366253,,0.03590083732556156,False,0.7,0.35555555555555557,,
618,0.9885847527677336,B,-2.6528950784519862,,-0.23097057171178711,False,0.9099999999999999,0.9888888888888889,,
619,0.5442346832307046,B,0.3281407425779253,,-0.011125547970787944,False,0.77,0.5444444444444445,,
620,-0.06128587002280802,B,1.5846646139902354,,0.08154040337170004,False,0.48,-0.06666666666666667,,
621,-0.15464683249047997,B,-1.5149445876648935,,-0.14704915389509732,False,0.43,-0.15555555555555556,,
622,0.3845697485581474,B,5.235073082259955,,0.35075022993924476,True,0.71,0.3888888888888889,,
623,0.16218368485170895,B,-0.4339987103164801,,-0.06733170454680497,False,0.605,0.16666666666666666,,
624,-1.06196097110621,B,0.6557667678305796,,0.013036171520041436,False,0.08499999999999999,-1.0666666666666667,,
625,-1.0149374132103954,B,0.7944237135596965,,0.023261825069934242,False,0.095,-1.011111111111111,,
626,0.4046349561416517,B,0.9600910942420716,,0.035479440498199316,False,0.72,0.4,,
627,-0.6942388629349935,B,-0.2928317321310266,,-0.05692094146516445,False,0.185,-0.6888888888888889,,
628,0.5414058369535698,B,1.7634932762039037,,0.09472863519789536,False,0.77,0.5444444444444445,,
629,1.623111104520763,B,1.417469988097402,,0.06921015687165014,False,0.9800000000000001,1.6222222222222222,,
630,-1.2142014581596572,B,2.392397151457633,,0.1411089525394679,False,0.06,-1.2111111111111112,,
631,-0.19946784802099618,B,-0.4773531195373326,,-0.07052899961357219,False,0.4,-0.2,,
632,-0.6056126335816361,B,0.003923540538951498,,-0.03503587403150364,False,0.21000000000000002,-0.6111111111111112,,
633,-1.407469785315365,B,-2.0863288902896286,,-0.18918752562803756,False,0.045,-1.411111111111111,,
634,-0.6317304829391105,B,-0.34506283980112373,,-0.060772874080245884,False,0.205,-0.6333333333333333,,
635,-0.44610912088733173,B,-0.7972835145242436,,-0.0941231828116341,False,0.27999999999999997,-0.4444444444444444,,
636,-0.7803055228981504,B,-0.17523810085016545,,-0.04824866236058142,False,0.16499999999999998,-0.7777777777777778,,
637,0.8067764908427468,B,1.405470801339892,,0.06832524248083074,False,0.865,0.8111111111111111,,
638,0.6348847282660277,B,0.29052064877720757,,-0.013899949524909498,False,0.805,0.6333333333333333,,
639,-1.0713848592135387,B,4.203649575180539,,0.27468494960908146,False,0.08,-1.0666666666666667,,
640,0.0868651938388211,B,-0.6092391957477947,,-0.08025531600033034,False,0.5700000000000001,0.08888888888888889,,
641,0.03905269616057454,B,-0.045508735480372875,,-0.03868139879117775,False,0.54,0.044444444444444446,,
642,-0.8776998519868265,B,-2.2744189609746868,,-0.20305876654486651,False,0.13999999999999999,-0.8777777777777778,,
643,0.25202920011501323,B,5.043614618563053,0.06695131302893001,0.336630577233321,True,0.645,0.25555555555555554,0.395,0.05
644,-1.3910298630767093,B,-0.9484868715259718,,-0.10527410739135931,False,0.045,-1.3888888888888888,,
645,-0.6934984331054646,B,-3.4488133171074384,,-0.2896678415797651,False,0.19,-0.6888888888888889,,
646,-1.143594668910159,B,-4.294999180281582,,-0.35207224137478216,False,0.06999999999999999,-1.1444444444444446,,
647,0.09185582220985992,B,3.1856776479333537,0.24386855215157083,0.1996116945564101,False,0.575,0.08888888888888889,0.42000000000000004,0.25
648,-0.032968907573279284,B,2.932474000393755,,0.1809384664415534,False,0.5,-0.03333333333333333,,
649,-1.067943503135219,B,3.9625236850466474,,0.2569024303025068,False,0.08499999999999999,-1.0666666666666667,,
650,0.0642508676405548,B,-0.45673672542376825,,-0.069008584588239,False,0.5599999999999999,0.06666666666666667,,
651,-0.33594046104915104,B,5.0471477714760065,,0.33689113971316414,True,0.335,-0.3333333333333333,,
652,0.939820890668005,B,5.09187600650906,-3.451848495906537,0.3401897514988278,True,0.9,0.9444444444444444,0.095,-3.45
653,-0.040766202591039136,B,5.096826101212928,,0.3405548104088935,True,0.49000000000000005,-0.044444444444444446,,
654,-1.0873693391757349,B,-0.9231151844661286,,-0.10340299966944896,False,0.08,-1.088888888888889,,
655,-0.7390214961625338,B,0.7052418954313501,,0.01668485649230806,False,0.175,-0.7444444444444445,,
656,-0.22377623032777055,B,3.1793193159629536,,0.19914278115620046,False,0.39,-0.2222222222222222,,
657,1.3470208644300845,B,1.9823752942633064,,0.11087071645612133,False,0.9550000000000001,1.3444444444444443,,
658,0.8112504758202763,B,4.8146755794883,,0.3197468121589242,True,0.8699999999999999,0.8111111111111111,,
659,-0.46674653539881195,B,2.7812931338928135,,0.16978920048821722,False,0.265,-0.4666666666666667,,
660,0.09725085954578627,B,1.5647877228242528,,0.08007452510903192,False,0.575,0.1,,
661,0.5389521973254818,B,-4.610297291854456,,-0.375324803566498,False,0.765,0.5444444444444445,,
662,0.3937342492079898,B,-4.970749651444812,,-0.4019073950914342,False,0.7150000000000001,0.3888888888888889,,
663,-1.2845779778986204,B,-0.5281557098313825,,-0.07427558212375518,False,0.05500000000000001,-1.2888888888888888,,
664,0.8214922706795814,B,-1.2752669051727632,,-0.1293734368084554,False,0.8699999999999999,0.8222222222222223,,
665,-0.6466916487983783,B,3.542604179695301,,0.22593426381084056,False,0.2,-0.6444444444444444,,
666,-0.8878225393329838,B,-1.6683480753098485,,-0.15836233340986264,False,0.135,-0.8888888888888888,,
667,-1.1222309735203269,B,-0.23561701156893766,,-0.05270147804524439,False,0.075,-1.1222222222222222,,
668,0.018086654385636496,B,-3.7315221280514668,,-0.3105170124670531,False,0.53,0.022222222222222223,,
669,0.15138635572259074,B,1.2433683898178645,,0.05637053591268858,False,0.6,0.15555555555555556,,
670,-0.7194437910981787,B,0.6315095892641095,,0.011247256418715056,False,0.18,-0.7222222222222222,,
671,-0.7495971321742059,B,-1.2803862659274703,,-0.12975097872818603,False,0.16999999999999998,-0.7444444444444445,,
672,-0.13233202527979263,B,1.74801645709495,,0.09358725285004169,False,0.44000000000000006,-0.13333333333333333,,
673,0.9062259984278185,B,4.562221087670466,,0.3011288326782084,False,0.89,0.911111111111111,,
674,1.1640950752756378,B,5.409627340012568,,0.36362323356737886,True,0.9349999999999999,1.1666666666666667,,
675,-0.059962788378951505,B,-1.1219878000336034,,-0.11806943023778776,False,0.48,-0.05555555555555555,,
676,0.5032137013548624,B,0.7352088099368774,,0.018894852422057087,False,0.755,0.5,,
677,-1.3116335013731972,B,1.1278796207332467,,0.04785348589869218,False,0.05,-1.3111111111111111,,
678,-0.5951486772143894,B,-0.3518668472464429,,-0.06127465509468312,False,0.215,-0.6000000000000001,,
679,0.49534680841948986,B,4.030924264062129,,0.2619468268882417,False,0.75,0.5,,
680,-1.3586143001643247,B,1.4359181406045667,,0.07057066871028815,False,0.05,-1.3555555555555554,,
681,0.042936405483783344,B,1.3123618329865026,,0.06145865496324806,False,0.545,0.044444444444444446,,
682,0.7883525353880685,B,4.158006960190463,,0.27131890425487704,False,0.86,0.7888888888888889,,
683,0.728522949419435,B,1.476522970428017,,0.07356518817012193,False,0.8400000000000001,0.7333333333333333,,
684,-0.5026051642491676,B,-3.868807047886284,,-0.32064148203814974,False,0.255,-0.5,,
685,0.19360239897506845,B,1.665728463386935,,0.08751868909689373,False,0.615,0.18888888888888888,,
686,0.12104633951370758,B,2.415400485816758,,0.14280539930895245,False,0.5900000000000001,0.12222222222222223,,
687,-0.1553930953194589,B,-2.2862789195141837,,-0.2039334131520254,False,0.43,-0.15555555555555556,,
688,1.0063719373115467,B,2.4264193954829922,,0.14361802035834872,False,0.915,1.011111111111111,,
689,0.4983208848484025,B,-0.08291600327721743,,-0.041440104882150525,False,0.75,0.5,,
690,0.01749520601717342,B,0.3420628396149562,,-0.010098823054556273,False,0.53,0.022222222222222223,,
691,0.012709998655384011,B,0.044390213161027835,,-0.03205154337014111,False,0.525,0.011111111111111112,,
692,-0.5545855799061041,B,0.5728041320261648,,0.006917854353447935,False,0.23500000000000001,-0.5555555555555556,,
693,-0.6172155032172972,B,0.8430183094817476,,0.02684557271187859,False,0.205,-0.6222222222222222,,
694,0.78242768714764,B,3.3594320454304114,,0.21242571019935072,False,0.86,0.7777777777777778,,
695,-0.08035671594524704,B,-0.45316429677766457,,-0.06874512560697645,False,0.47000000000000003,-0.07777777777777778,,
696,-0.41522325783463737,B,-0.31041581590680045,,-0.058217730080677675,False,0.29500000000000004,-0.41111111111111115,,
697,-0.3450634240283682,B,3.355294454369946,,0.21212057169732348,False,0.325,-0.34444444444444444,,
698,-0.21373911140147353,B,2.321524523670288,,0.1358822476375748,False,0.395,-0.2111111111111111,,
699,-0.4014442933312608,B,-0.42052203479181444,,-0.06633782851560509,False,0.3,-0.4,,
700,0.2536877532769805,B,0.055185053594230454,,-0.031255446948026386,False,0.645,0.25555555555555554,,
701,0.8839339143513987,B,-1.5338933746559198,,-0.14844658645746955,False,0.885,0.8888888888888888,,
702,-0.8930842007885981,B,0.960658252473288,-4.875578605699663,0.03552126720619358,False,0.135,-0.8888888888888888,0.045,-4.9
703,0.49757150809064876,B,3.910781450399571,,0.2530865510285473,False,0.75,0.5,,
704,0.4925849252568576,B,2.0765608461754375,,0.11781669971137379,False,0.75,0.48888888888888893,,
705,-0.01920116555004887,B,2.6923054744446833,,0.1632265506984971,False,0.505,-0.022222222222222223,,
706,-0.3228780147406895,B,-3.422710848818963,,-0.28774284030333097,False,0.33999999999999997,-0.3222222222222222,,
707,-1.0158315899438592,B,3.794043320957786,,0.2444773633570814,False,0.095,-1.011111111111111,,
708,-0.23800906226943838,B,-4.990964329976879,,-0.40339818445077286,False,0.375,-0.23333333333333334,,
709,0.14553684673647516,B,-0.763180199326869,,-0.0916081361670006,False,0.6,0.14444444444444446,,
710,0.7200697190724938,B,-1.5093249768282873,,-0.14663471960045607,False,0.835,0.7222222222222222,,
711,0.5942332968825906,B,2.177830520970431,,0.12528512189620242,False,0.7849999999999999,0.5888888888888889,,
712,-0.6707744070550822,B,4.03202371743035,,0.26202790922550634,False,0.195,-0.6666666666666666,,
713,-0.7597696980121842,B,-4.191645642083023,-2.6158777507300632,-0.3444501387154694,False,0.16999999999999998,-0.7555555555555555,0.15,-2.6
714,1.2100176832543137,B,-1.144202275616216,,-0.11970770035765706,False,0.9400000000000001,1.2111111111111112,,
715,-0.7843761892960517,B,-1.4621712459431615,,-0.14315723267702296,False,0.16,-0.7888888888888889,,
716,0.0008866008128054531,B,3.6910763856199917,,0.2368837718328928,False,0.515,0.0,,
717,-0.10886545060018475,B,-0.6675598367254979,,-0.08455633868844542,False,0.45499999999999996,-0.1111111111111111,,
718,-0.40979782959609057,B,-1.256388978461609,,-0.12798123004035267,False,0.29500000000000004,-0.41111111111111115,,
719,0.8020769058115469,B,1.8252171847390715,,0.09928064159834614,False,0.865,0.8,,
720,0.3393259431466602,B,-1.7499712105680836,,-0.1643818652726035,False,0.6900000000000001,0.34444444444444444,,
721,0.008004179937609645,B,4.235581257211964,,0.277039842946748,False,0.52,0.011111111111111112,,
722,-0.7299716842993861,B,-3.918151990550368,,-0.32428056614943557,False,0.175,-0.7333333333333333,,
723,1.395131064180155,B,1.0123302385648207,,0.03933196579924602,False,0.96,1.4,,
724,-2.0643020170492066,B,-5.86155923836312,,-0.4676026991878152,False,0.005,-2.066666666666667,,
725,0.7996849734339855,B,3.924873319822208,,0.2541257962955513,False,0.86,0.8,,
726,0.6612862527570931,B,1.086720627215296,,0.04481809805018813,False,0.8150000000000001,0.6666666666666666,,
727,-0.8654658897834693,B,-0.9120928015757362,,-0.10259012247719049,False,0.145,-0.8666666666666667,,
728,-1.5342290780219576,B,-2.184406398754461,,-0.19642053236509174,False,0.034999999999999996,-1.5333333333333334,,
729,-1.0509869729371721,B,4.482316839850576,,0.2952360650921747,False,0.09,-1.0555555555555556,,
730,0.7466951249030831,B,3.954953522238072,,0.2563441469666831,False,0.845,0.7444444444444445,,
731,0.6453183419725933,B,-1.6855017241932133,,-0.15962737837155155,False,0.8099999999999999,0.6444444444444444,,
732,-0.40651662270273325,B,-0.7894186398109349,,-0.09354316510239707,False,0.3,-0.41111111111111115,,
733,0.3393032695769401,B,-2.0784246363687515,,-0.18860460378636384,False,0.6900000000000001,0.34444444444444444,,
734,-0.6317876564299294,B,1.731636533297061,,0.09237926846058253,False,0.205,-0.6333333333333333,,
735,-0.10459569184902939,B,-1.6404362029109214,,-0.15630389244551424,False,0.45999999999999996,-0.1,,
736,-0.3212812562063627,B,-5.231667317872677,,-0.4211495156206878,False,0.34500000000000003,-0.3222222222222222,,
737,-0.5304819606635682,B,0.5811607755281916,,0.0075341389603411964,False,0.24,-0.5333333333333333,,
738,-0.4095499517147687,B,4.101322555110363,,0.26713855046889884,False,0.29500000000000004,-0.41111111111111115,,
739,0.584622663644331,B,2.0417793298083655,,0.1152516371792419,False,0.7849999999999999,0.5888888888888889,,
740,-0.343396026186742,B,0.38857473202343235,,-0.006668670347686927,False,0.32999999999999996,-0.34444444444444444,,
741,0.5679497770503458,B,2.6726316540064574,-1.484367838645725,0.16177564846820333,False,0.775,0.5666666666666667,0.26,-1.5
742,1.7338012704059742,B,-0.7746435429715284,,-0.09245353327291016,False,0.985,1.7333333333333334,,
743,0.1734653536857115,B,1.1946391873721358,,0.05277686132716816,False,0.61,0.17777777777777778,,
744,0.9204996472199325,B,0.7465199653566019,,0.019729025971480702,False,0.8949999999999999,0.9222222222222223,,
745,0.576367869908304,B,0.9311967489050198,,0.03334854425341345,False,0.78,0.5777777777777778,,
746,0.28506516834557477,B,1.9451385651456354,,0.10812458722843454,False,0.6599999999999999,0.2888888888888889,,
747,-1.6780150992422722,B,2.677319979721437,,0.16212140247452692,False,0.02,-1.6777777777777778,,
748,-0.27470658892581773,B,-2.178729754891979,,-0.19600189200662552,False,0.36,-0.2777777777777778,,
749,0.5543675234836837,B,1.3192276185431777,,0.061964991981428,False,0.775,0.5555555555555556,,
750,-1.6187791618398684,B,1.9961121503587071,,0.1118837802486177,False,0.025,-1.6222222222222222,,
751,0.3863574029999473,B,-0.3969690142541729,,-0.06460084356468924,False,0.71,0.3888888888888889,,
752,0.9418294760153201,B,2.5062838226089745,,0.1495078512532713,False,0.9,0.9444444444444444,,
753,-0.14413437517345978,B,1.985699782019675,,0.11111589032641485,False,0.44000000000000006,-0.14444444444444446,,
754,1.1361103957179166,B,1.3633556822553143,,0.06521934241425416,False,0.93,1.1333333333333333,,
755,0.4471502466668649,B,0.3876481899119031,,-0.00673700084914189,False,0.735,0.4444444444444444,,
756,-0.4803212687489687,B,-0.501951715031242,,-0.07234309348396567,False,0.265,-0.47777777777777775,,
757,1.4207778877083566,B,0.4342129184683313,,-0.0033029515892291465,False,0.9650000000000001,1.4222222222222223,,
758,0.4029778756361358,B,1.1222011143615958,,0.04743470818415345,False,0.72,0.4,,
759,1.7930634585344287,B,2.0393332001732656,,0.11507124034405179,False,0.985,1.788888888888889,,
760,0.10448196104633359,B,1.02970572350553,,0.04061337069628006,False,0.58,0.1,,
761,-0.18361135469099069,B,0.38194829043869993,,-0.007157356259220367,False,0.41500000000000004,-0.18888888888888888,,
762,-0.5134004545536947,B,-0.24646833910134747,,-0.05350174027025844,False,0.25,-0.5111111111111111,,
763,-2.3707452502361943,B,-3.1946820168419583,,-0.27092620105801746,False,0.0,-2.3666666666666667,,
764,1.500646447330364,B,3.6390145885479095,,0.2330443255127353,False,0.97,1.5,,
765,-0.4536866359444984,B,1.3283364031292595,,0.06263674538655378,False,0.275,-0.4555555555555555,,
766,-0.577312135767993,B,-1.6697194974635892,,-0.15846347286408224,False,0.22000000000000003,-0.5777777777777778,,
767,-0.8534138609478432,B,2.6547845721942576,,0.16045946430931754,False,0.145,-0.8555555555555556,,
768,0.06313174264288389,B,0.6183021015776602,,0.010273232415547177,False,0.5549999999999999,0.06666666666666667,,
769,0.8759437995698833,B,3.685855141754174,,0.2364987162513595,False,0.885,0.8777777777777778,,
770,-0.21799612904965301,B,-1.392272407751891,,-0.13800234267764047,False,0.395,-0.2222222222222222,,
771,-0.695604293314813,B,-1.2319419830958194,,-0.1261783163555613,False,0.185,-0.7,,
772,1.531550321769284,B,3.35630677344773,,0.2121952280668038,False,0.97,1.5333333333333334,,
773,0.959136401369794,B,3.768106318992759,,0.24256456486853395,False,0.905,0.9555555555555555,,
774,-0.9763505882036146,B,2.8029786818849187,,0.17138846332817662,False,0.10500000000000001,-0.9777777777777779,,
775,1.0131085086774656,B,-0.9716855745825783,,-0.10698496218493841,False,0.915,1.011111111111111,,
776,0.044371956702126354,B,-2.138815825701182,,-0.19305832499255465,False,0.545,0.044444444444444446,,
777,0.8325952845313447,B,-1.195071601521772,,-0.12345920447662866,False,0.875,0.8333333333333334,,
778,-0.22004735962821936,B,2.4754727459243333,,0.1472356001661037,False,0.39,-0.2222222222222222,,
779,0.07760797136324589,B,0.26367813879494895,,-0.01587952729539025,False,0.5650000000000001,0.07777777777777778,,
780,-1.5447386058974646,B,-6.856188086906565,,-0.5409544520513453,False,0.034999999999999996,-1.5444444444444445,,
781,0.4602938901830952,B,2.4243083224730038,,0.14346233323351584,False,0.74,0.4555555555555555,,
782,0.5660071484035004,B,-2.879409620220936,,-0.24767553528906863,False,0.775,0.5666666666666667,,
783,0.283407192012544,B,0.4640242922544564,,-0.0011044264552714535,False,0.6599999999999999,0.2888888888888889,,
784,-0.9265237186267555,B,-3.3626192929341934,,-0.283311216423831,False,0.12,-0.9222222222222223,,
785,0.7480645375790974,B,1.5410418861269668,,0.0783233203782343,False,0.845,0.7444444444444445,,
786,-0.6462606966081701,B,-3.5686121503820685,,-0.29850274962065737,False,0.2,-0.6444444444444444,,
787,0.3023654311372318,B,-2.8860741049516316,-1.2768136961782641,-0.2481670268013495,False,0.67,0.30000000000000004,0.275,-1.3
788,0.9814503881425237,B,1.8103218863975425,,0.09818214516485098,False,0.9099999999999999,0.9777777777777779,,
789,0.5152022877513733,B,-2.2744975477696467,,-0.20306456215311847,False,0.76,0.5111111111111111,,
790,-1.5238979067558103,B,-0.7248178878933558,,-0.08877899764797852,False,0.034999999999999996,-1.5222222222222221,,
791,-0.48651556229790466,B,-0.7045406142390969,,-0.08728359203209325,False,0.26,-0.48888888888888893,,
792,-0.052284470425627706,B,0.21888841127376688,,-0.019182674020693673,False,0.485,-0.05555555555555555,,
793,0.8165389744030521,B,-0.44426693956169416,,-0.06808896451874727,False,0.8699999999999999,0.8111111111111111,,
794,0.01485800197626002,B,2.326471930655209,,0.13624710833410966,False,0.525,0.011111111111111112,,
795,0.6228002698053634,B,-0.4136086450720462,,-0.0658279807920886,False,0.8,0.6222222222222222,,
796,-0.7845724705450944,B,-0.6809059905092445,,-0.08554058902007182,False,0.16,-0.7888888888888889,,
797,0.0015789005132306041,B,0.13977267166282112,,-0.025017290810721352,False,0.515,0.0,,
798,-0.2086111613022598,B,0.4021513695896156,,-0.005667422329463078,False,0.395,-0.2111111111111111,,
799,-0.4588660728517055,B,-4.14325656356269,,-0.3408815475428775,False,0.27,-0.4555555555555555,,
800,0.33289454884568526,B,0.8852794422261964,,0.029962240973957697,False,0.6849999999999999,0.3333333333333333,,
801,-0.45879073799489073,B,0.9193236329941703,,0.032472927318223946,False,0.27,-0.4555555555555555,,
802,0.03659655081794577,B,1.0311123295029185,,0.040717104883809294,False,0.54,0.03333333333333333,,
803,-0.14764391938716045,B,1.6436023667365691,,0.0858869367344834,False,0.43499999999999994,-0.14444444444444446,,
804,0.47794028987183423,B,5.771931480338294,,0.39034238996579246,True,0.745,0.47777777777777775,,
805,0.26444566641738443,B,2.391942843191136,,0.14107544827530266,False,0.65,0.26666666666666666,,
806,-0.6935296537229522,B,-3.4575441386543764,-0.008334587421348849,-0.29031172101815506,False,0.185,-0.6888888888888889,0.385,-0.0
807,-0.22461149906274164,B,2.013704477408619,,0.11318117678798939,False,0.39,-0.2222222222222222,,
808,0.8947181584787715,B,-0.22725949091495867,,-0.05208512875026842,False,0.89,0.8999999999999999,,
809,0.15067855267085248,B,-4.920330339475039,,-0.39818907853891117,False,0.6,0.15555555555555556,,
810,-0.2258855413080686,B,0.14065775657657387,-4.582958183256669,-0.02495201768904194,False,0.385,-0.2222222222222222,0.05,-4.6
811,0.9341925412843405,B,-1.8345782154679595,,-0.17062145114730187,False,0.8949999999999999,0.9333333333333333,,
812,-0.8441751295266421,B,1.7498111274773516,,0.09371960595698622,False,0.15,-0.8444444444444444,,
813,1.2357769563720893,B,1.581163524769897,,0.08128220552069307,False,0.945,1.2333333333333334,,
814,0.08805160311031522,B,5.365147369433205,,0.3603429307548348,True,0.575,0.08888888888888889,,
815,-0.8463579796021091,B,1.0095039572406335,,0.0391235335890621,False,0.15,-0.8444444444444444,,
816,-0.07370949804252039,B,-1.7385169380373262,,-0.16353713714196663,False,0.475,-0.07777777777777778,,
817,-0.9685327400093329,B,0.8674366319113058,,0.028646371828873748,False,0.11000000000000001,-0.9666666666666666,,
818,-0.966930467166781,B,-1.899063354845234,,-0.17537709242384336,False,0.11000000000000001,-0.9666666666666666,,
819,-0.7773341419681943,B,-1.3476539990091836,,-0.13471183034628,False,0.16499999999999998,-0.7777777777777778,,
820,-0.15504467490192259,B,4.469829306483676,,0.29431513618211413,False,0.43,-0.15555555555555556,,
821,-1.423622559425255,B,-0.1516273471083276,,-0.0465074197091852,False,0.04,-1.4222222222222223,,
822,0.8698236013138788,B,6.064927199118171,,0.411950198331181,True,0.8800000000000001,0.8666666666666667,,
823,1.2965074842505786,B,2.0800379241641767,,0.11807312678534286,False,0.95,1.2999999999999998,,
824,0.2700588057132337,B,-1.5185715762815613,,-0.1473166365576385,False,0.65,0.26666666666666666,,
825,0.0015461880036178961,B,1.0147912193871453,,0.03951345787776897,False,0.515,0.0,,
826,-0.9135730771699225,B,1.104944762415308,,0.046162089090967244,False,0.125,-0.911111111111111,,
827,0.5337868651932755,B,-0.4346228097973449,,-0.06737773055032346,False,0.765,0.5333333333333333,,
828,0.30886977507163704,B,-0.3763966289699179,,-0.06308367409650638,False,0.675,0.3111111111111111,,
829,-0.5442207521162072,B,-2.899563403854369,,-0.24916183377971624,False,0.24,-0.5444444444444445,,
830,-0.22789214091234117,B,-0.8068233443642188,,-0.09482672488343981,False,0.38,-0.23333333333333334,,
831,-1.1936201186010829,B,1.4932526011731175,,0.07479896269989732,False,0.06,-1.1888888888888889,,
832,0.30413000909143434,B,-2.4284619718989933,,-0.21441910953534052,False,0.67,0.30000000000000004,,
833,0.19245706826423029,B,-1.240161947483966,,-0.1267845211697785,False,0.61,0.18888888888888888,,
834,0.2079031338665649,B,2.0517428714200667,,0.1159864270890834,False,0.62,0.2111111111111111,,
835,-0.7120722651276947,B,1.128536247403731,,0.04790191071296084,False,0.18,-0.7111111111111111,,
836,-0.12679001512398416,B,-1.157794816134629,,-0.1207101211846361,False,0.445,-0.12222222222222223,,
837,0.16556906265366306,B,2.0859001305101157,,0.11850545198056724,False,0.605,0.16666666666666666,,
838,0.24950906452879032,B,1.9800181627265203,,0.110696883040565,False,0.64,0.24444444444444446,,
839,-1.9983273448180556,B,-0.7294935766166613,,-0.08912381970316118,False,0.01,-2.0,,
840,0.9726508021573462,B,-3.2030634226723307,,-0.2715443118337291,False,0.905,0.9777777777777779,,
841,-0.3085497272449907,B,0.28376280932631043,,-0.014398325748381733,False,0.35,-0.3111111111111111,,
842,-0.1945836011849212,B,-0.7241683642378458,,-0.08873109666589084,False,0.40499999999999997,-0.2,,
843,-1.2692502984699816,B,-4.337084822875663,,-0.35517596761315195,False,0.05500000000000001,-1.2666666666666666,,
844,-0.45093681321472473,B,6.233603201507413,,0.4243896931833389,True,0.275,-0.4555555555555555,,
845,0.12932916207438538,B,-0.5150925612249969,,-0.07331220281940624,False,0.5900000000000001,0.13333333333333333,,
846,0.7968555271378795,B,2.019869172928312,,0.11363580991360367,False,0.86,0.8,,
847,-0.6199916402886809,B,-2.2465895568345795,,-0.20100640743843817,False,0.205,-0.6222222222222222,,
848,-0.7183858963856092,B,-0.8651742816410964,,-0.09912998185890037,False,0.18,-0.7222222222222222,,
849,-1.083902821173919,B,1.4809239586411975,,0.07388975164949546,False,0.08,-1.088888888888889,,
850,-0.4636625096120231,B,-2.002188949467238,,-0.18298238473131598,False,0.27,-0.4666666666666667,,
851,-0.012785669994558494,B,-1.95013110185613,,-0.17914322967546853,False,0.51,-0.011111111111111112,,
852,-0.18329180058312428,B,0.9077455090262179,,0.03161906540866416,False,0.41500000000000004,-0.17777777777777778,,
853,0.042183109242746354,B,0.9663096551169413,,0.03593804607869122,False,0.545,0.044444444444444446,,
854,0.6856472211736733,B,-0.9071656421077705,,-0.10222675499177854,False,0.825,0.6888888888888889,,
855,0.06572133317695678,B,-3.722486986567222,,-0.3098506900833721,False,0.5599999999999999,0.06666666666666667,,
856,-0.12598596326642977,B,-2.472182701856779,,-0.21764341997392575,False,0.445,-0.12222222222222223,,
857,-0.15308920161977618,B,3.337429728079095,,0.21080308629582917,False,0.43,-0.15555555555555556,,
858,-1.210022941600389,B,-2.1009198981541606,,-0.1902635812888766,False,0.06,-1.2111111111111112,,
859,-0.5509816061497541,B,4.125274904412677,,0.2689049850631671,False,0.23500000000000001,-0.5555555555555556,,
860,0.5153952217032597,B,-0.2523058676422747,,-0.053932245530079685,False,0.76,0.5111111111111111,,
861,-0.5512643233376325,B,-0.2623721054500144,,-0.05467460906500041,False,0.23500000000000001,-0.5555555555555556,,
862,0.2829803066079938,B,-4.422291103961604,0.611047783654515,-0.36145974882640464,False,0.6599999999999999,0.2777777777777778,0.47000000000000003,0.6
863,0.10435454928720335,B,-0.8030718413838696,,-0.09455005955256353,False,0.58,0.1,,
864,0.07714798754760328,B,-3.12968533121057,,-0.2661328343379952,False,0.5650000000000001,0.07777777777777778,,
865,0.6316832781576318,B,3.7153342236622033,,0.2386727355691463,False,0.805,0.6333333333333333,,
866,-0.9155233449496337,B,2.543027966021053,,0.15221765333742746,False,0.125,-0.911111111111111,,
867,2.1524110479851113,B,2.3436922270024168,2.7511613006702778,0.13751706840388533,False,0.9949999999999999,2.1555555555555554,0.735,2.75
868,0.1056592275332715,B,-1.1479035808996632,,-0.11998066371561865,False,0.58,0.1111111111111111,,
869,0.587972347247644,B,-1.0277597228087125,,-0.11112031083156144,False,0.7849999999999999,0.5888888888888889,,
870,-1.0270960032559715,B,1.1994610672097743,,0.05313246466474082,False,0.09,-1.0222222222222221,,
871,-1.0109133604340004,B,1.267780330045933,,0.05817086435595746,False,0.1,-1.011111111111111,,
872,-0.5193180805870878,B,0.9983721381695578,,0.03830258571225476,False,0.24500000000000002,-0.5222222222222223,,
873,0.10955244753468169,B,-1.7743948824913036,,-0.1661830589033287,False,0.585,0.1111111111111111,,
874,0.09258276447501985,B,-1.957885079476775,,-0.1797150689610189,False,0.575,0.08888888888888889,,
875,1.3362740090693888,B,2.520186526216458,1.380057279578897,0.15053314594550188,False,0.9550000000000001,1.3333333333333333,0.5700000000000001,1.4
876,-0.38813730411637287,B,1.4948796979448313,,0.0749189576110228,False,0.305,-0.3888888888888889,,
877,-0.3367807025063749,B,0.5550752908356122,,0.005610390187824173,False,0.335,-0.3333333333333333,,
878,-0.3598791153899849,B,-6.052575042687147,,-0.4816897067105942,False,0.32,-0.35555555555555557,,
879,-0.7254986756796098,B,-1.8893055213831946,,-0.17465747305060764,False,0.18,-0.7222222222222222,,
880,1.1507650392537347,B,2.8253118817093763,,0.1730354891072644,False,0.9349999999999999,1.1555555555555557,,
881,0.8213559277196373,B,0.34016068239412023,-5.245702782604841,-0.010239103086223025,False,0.8699999999999999,0.8222222222222223,0.034999999999999996,-5.25
882,-0.41098075436992626,B,0.4708408506878052,,-0.0006017198322783337,False,0.29500000000000004,-0.41111111111111115,,
883,-0.36390759160137603,B,-1.9417303742039942,,-0.17852369395667686,False,0.315,-0.36666666666666664,,
884,-0.22987122798576584,B,4.39208198564961,,0.28858143735367836,False,0.38,-0.23333333333333334,,
885,0.3371843515024845,B,-0.6306899723157285,,-0.08183726494927354,False,0.6849999999999999,0.3333333333333333,,
886,-1.5452379130968827,B,-2.455181739945909,,-0.21638963535028988,False,0.03,-1.5444444444444445,,
887,-0.8998619530658892,B,0.0507834062217315,,-0.03158005903899154,False,0.13,-0.8999999999999999,,
888,1.4536751363449392,B,3.3283397730981537,,0.21013272153385884,False,0.97,1.4555555555555555,,
889,-0.661164019519432,B,0.3592301390762346,,-0.008832771391906453,False,0.195,-0.6666666666666666,,
890,-0.3577944767154777,B,0.7138090784397726,,0.01731666793804554,False,0.32,-0.35555555555555557,,
891,0.09751430482695293,B,7.035571362561543,,0.48353313190443353,True,0.58,0.1,,
892,0.1367666441963287,B,3.771119411658308,,0.24278677401607873,False,0.595,0.13333333333333333,,
893,-0.43082720850932443,B,-3.4508580370619173,,-0.2898186353084969,False,0.28500000000000003,-0.43333333333333335,,
894,-1.2035801441353353,B,3.015839412396219,,0.1870864874923464,False,0.06,-1.2000000000000002,,
895,-0.1373464943158243,B,2.766097829975094,,0.168668579284347,False,0.44000000000000006,-0.13333333333333333,,
896,1.5920372786021781,B,2.148824907975582,,0.12314601989934292,False,0.975,1.588888888888889,,
897,-1.6767149547661333,B,-2.1797696206077406,,-0.19607857988181182,False,0.025,-1.6777777777777778,,
898,0.028743327742507367,B,2.007300982587214,,0.11270893272399464,False,0.53,0.03333333333333333,,
899,-1.2502706895021103,B,-0.5083085313313356,,-0.07281189510672792,False,0.05500000000000001,-1.2555555555555555,,
900,-0.7668286280651351,B,1.3952248451764022,,0.06756962510108606,False,0.16499999999999998,-0.7666666666666667,,
901,1.100909537333768,B,0.9932478896517308,,0.03792468333043526,False,0.925,1.1,,
902,-0.022452283116490813,B,1.0586073011600796,,0.04274480030903177,False,0.505,-0.022222222222222223,,
903,-0.5565694921828978,B,-2.982785596478233,,-0.2552992927072813,False,0.22999999999999998,-0.5555555555555556,,
904,-0.039543928406259775,B,1.3678847925757387,,0.06555335462534369,False,0.495,-0.044444444444444446,,
905,-0.5472271413804426,B,-5.592315432072921,,-0.44774654362993416,False,0.24,-0.5444444444444445,,
906,1.5349432081216305,B,0.5856492972298907,,0.007865157847504757,False,0.97,1.5333333333333334,,
907,0.4078453732869195,B,2.3096633170889316,,0.13500750898999483,False,0.725,0.41111111111111115,,
908,-0.2367086300525036,B,-3.237650714812487,,-0.27409505074402596,False,0.375,-0.23333333333333334,,
909,-0.5951357225171856,B,3.853315024379855,,0.24884852486881803,False,0.215,-0.6000000000000001,,
910,-0.5816949339614702,B,0.06451216275400751,,-0.030567592571973418,False,0.22000000000000003,-0.5777777777777778,,
911,1.1123235107332234,B,-0.8116080374249011,,-0.09517958577565001,False,0.93,1.1111111111111112,,
912,-0.6908227363441729,B,2.4342557950844763,,0.14419593808891695,False,0.19,-0.6888888888888889,,
913,0.013746074193640307,B,0.5564240225634379,,0.005709856271603614,False,0.525,0.011111111111111112,,
914,0.9380306491735779,B,6.328811886226877,,0.4314111302975257,True,0.9,0.9333333333333333,,
915,0.6512290614811722,B,-0.5793159728990271,,-0.07804854223693364,False,0.8099999999999999,0.6555555555555556,,
916,-0.8361571754689063,B,1.4104041585514857,,0.0686890670365957,False,0.15,-0.8333333333333334,,
917,-0.9495170647374558,B,0.18724758815856402,,-0.02151611713461885,False,0.11499999999999999,-0.9444444444444444,,
918,-0.22738293506510832,B,-1.0218136533507924,,-0.11068180091097604,False,0.385,-0.2222222222222222,,
919,-0.1683325353034757,B,-2.0911105983166136,,-0.18954016638038917,False,0.425,-0.16666666666666666,,
920,-0.4994311456662585,B,1.3549794151463121,,0.06460161060826622,False,0.255,-0.5,,
921,-0.18513663487684032,B,-3.079138584152683,,-0.26240511971994945,False,0.41500000000000004,-0.18888888888888888,,
922,-0.04994906874748633,B,-2.013066127718747,,-0.18378455339164154,False,0.485,-0.044444444444444446,,
923,-0.48889629532002304,B,4.430862625713113,,0.2914414267155326,False,0.255,-0.48888888888888893,,
924,1.2795967872097198,B,3.0468433651427076,,0.18937296277705523,False,0.945,1.2777777777777777,,
925,0.2781063565900901,B,5.664352473223184,,0.38240866800029005,True,0.655,0.2777777777777778,,
926,0.9205690891470413,B,1.863634448711117,,0.10211383274969589,False,0.8949999999999999,0.9222222222222223,,
927,0.6504089293976455,B,-0.057470604356309685,,-0.03956356106794923,False,0.8099999999999999,0.6555555555555556,,
928,-1.0239236578551933,B,3.007533788961098,,0.18647396550639883,False,0.09,-1.0222222222222221,,
929,0.5039308318969551,B,5.158558131790941,,0.3451074157926539,True,0.755,0.5,,
930,-0.6500002325354209,B,3.362095325101087,,0.2126221213857907,False,0.195,-0.6555555555555556,,
931,0.7567074901839967,B,1.9643101936292424,-7.87797454695413,0.10953845387485278,False,0.85,0.7555555555555555,0.005,-7.9
932,-0.34528678547842695,B,4.359468344217906,,0.28617625096703636,False,0.325,-0.34444444444444444,,
933,-0.431655228410346,B,-0.8868564357275168,,-0.10072899440556553,False,0.28500000000000003,-0.43333333333333335,,
934,0.9637538455584356,B,-1.4911026607322169,,-0.14529086271470668,False,0.905,0.9666666666666666,,
935,0.6549617986061284,B,5.618929369509007,,0.3790588111337653,True,0.8150000000000001,0.6555555555555556,,
936,-0.23007496113880765,B,-1.4193161314646563,,-0.13999675953091525,False,0.38,-0.23333333333333334,,
937,0.8427727058050352,B,-0.8375708130202657,,-0.09709428501437743,False,0.8800000000000001,0.8444444444444444,,
938,-0.7142314629757537,B,1.8162543070848929,,0.09861964851776324,False,0.18,-0.7111111111111111,,
939,-1.6919380386781475,B,-2.648806016281921,,-0.23066901211175997,False,0.02,-1.6888888888888889,,
940,1.3951088708876742,B,4.985748030135903,,0.3323630399508665,True,0.96,1.4,,
941,0.23569736135396907,B,4.158378330664161,,0.2713462920339943,False,0.63,0.23333333333333334,,
942,0.5988300381581946,B,-0.04276644172760646,,-0.03847916048497269,False,0.79,0.6000000000000001,,
943,-0.11376112103803214,B,2.4527709340236776,,0.1455613900338219,False,0.45499999999999996,-0.1111111111111111,,
944,0.6774628297359931,B,8.038175424296469,,0.5574730397042618,True,0.82,0.6777777777777777,,
945,-1.0373002952196344,B,2.9347252047925965,,0.18110448795696682,False,0.09,-1.0333333333333334,,
946,-1.957290570384808,B,3.2158674625701975,,0.2018381288946866,False,0.01,-1.9555555555555557,,
947,0.25243522982740835,B,7.066990020632773,,0.48585019082095254,True,0.645,0.25555555555555554,,
948,0.7727437438210573,B,5.17007801222885,,0.34595698236629224,True,0.8550000000000001,0.7777777777777778,,
949,0.3078984461118367,B,1.3355626725816494,,0.06316966732198045,False,0.675,0.3111111111111111,,
950,0.03581141412276678,B,2.6745412950754073,,0.16191648041768153,False,0.5349999999999999,0.03333333333333333,,
951,-0.7750202787833042,B,2.621665519850833,,0.15801700494759002,False,0.16499999999999998,-0.7777777777777778,,
952,1.3237791187203662,B,1.807089969666236,,0.09794379820990647,False,0.95,1.3222222222222222,,
953,0.13547877267814454,B,2.7803688846325656,,0.1697210390796463,False,0.595,0.13333333333333333,,
954,-0.9762172510811548,B,-1.1344309288594816,,-0.11898708440780455,False,0.11000000000000001,-0.9777777777777779,,
955,0.50471407423798,B,-0.06398163022060466,,-0.040043735316650356,False,0.755,0.5,,
956,0.29518027461927165,B,-1.8635809949745714,,-0.1727603441804568,False,0.665,0.30000000000000004,,
957,0.297869175889352,B,1.4792653054913636,,0.07376742952289404,False,0.665,0.30000000000000004,,
958,-0.23140784250240898,B,-0.007369572145689202,,-0.03586871696775755,False,0.38,-0.23333333333333334,,
959,-0.8855345375618462,B,-2.9685969425191594,,-0.2542529097874653,False,0.135,-0.8888888888888888,,
960,0.9684748270696463,B,4.533611315278408,,0.2990189230802139,False,0.905,0.9666666666666666,,
961,-0.9994579622877888,B,-4.276946529678299,,-0.35074089695668803,False,0.1,-1.0,,
962,1.3992500958088998,B,3.3342629572754747,,0.2105695437138874,False,0.9650000000000001,1.4,,
963,0.19926962582532598,B,-7.751521573889975,,-0.606983384113616,False,0.615,0.2,,
964,-1.5462735291837246,B,0.4225728927221519,,-0.004161378622699193,False,0.03,-1.5444444444444445,,
965,1.1840447513879837,B,-2.0084514626679857,,-0.18344423170195084,False,0.9400000000000001,1.1888888888888889,,
966,0.32387509024192035,B,-0.3234833582594237,,-0.059181433414425756,False,0.6799999999999999,0.3222222222222222,,
967,0.3293109892994011,B,10.222325747668837,,0.7185494602921281,True,0.6849999999999999,0.3333333333333333,,
968,-0.14901982699123914,B,-0.5157753136997771,,-0.07336255435593203,False,0.43499999999999994,-0.14444444444444446,,
969,-0.36761969044770776,B,1.6668388373542427,,0.0876005768050125,False,0.315,-0.36666666666666664,,
970,0.27100729042141475,B,-0.256176848396982,,-0.054217722091587615,False,0.655,0.26666666666666666,,
971,-1.2808154802115548,B,-1.9199920275871358,,-0.17692053733092986,False,0.05500000000000001,-1.2777777777777777,,
972,-1.1254853743601194,B,-4.062583000035198,,-0.33493204456681297,False,0.06999999999999999,-1.1222222222222222,,
973,1.2144650648046054,B,-1.0753244892719125,,-0.11462811075082727,False,0.9400000000000001,1.2111111111111112,,
974,-0.20688914694990157,B,-1.2660166942077695,,-0.12869125350999852,False,0.4,-0.2111111111111111,,
975,0.6336959595629911,B,0.43736189251160584,,-0.0030707214803456177,False,0.805,0.6333333333333333,,
976,0.1160617753225491,B,-3.7001126316734605,,-0.30820062920583824,False,0.585,0.1111111111111111,,
977,-0.512883906233268,B,2.978921288621759,,0.18436385472811975,False,0.25,-0.5111111111111111,,
978,0.6063408924310123,B,-0.736212394147969,,-0.08961931814342194,False,0.79,0.6111111111111112,,
979,-1.601059130969696,B,1.9666838785257246,,0.10971350806532558,False,0.03,-1.6,,
980,-0.5671095519399704,B,0.42503536836479183,,-0.003979776304371207,False,0.225,-0.5666666666666667,,
981,-0.3265311292494709,B,2.4713013933128964,,0.14692797182181347,False,0.33999999999999997,-0.3222222222222222,,
982,0.1582207709609902,B,0.6960359470874717,,0.016005937467605057,False,0.6,0.15555555555555556,,
983,0.03200265179365828,B,-2.048633542438973,,-0.18640757424849008,False,0.5349999999999999,0.03333333333333333,,
984,-1.7776238732321428,B,-3.377453415057235,,-0.28440520124189683,False,0.015,-1.7777777777777777,,
985,-0.07656266850297198,B,-1.2868429793049014,,-0.1302271475470027,False,0.47000000000000003,-0.07777777777777778,,
986,0.03851132452503407,B,0.05897549421634082,,-0.030975910049248434,False,0.54,0.03333333333333333,,
987,-1.0289178261029928,B,-1.7568796051147901,,-0.16489134461277735,False,0.09,-1.0333333333333334,,
988,0.681310954368034,B,2.3324925954252214,,0.1366911194996121,False,0.82,0.6777777777777777,,
989,-1.833542960743959,B,-1.8566274212762393,,-0.17224753297436182,False,0.015,-1.8333333333333333,,
990,-0.17465296053199098,B,2.60274149696782,,0.1566213986852829,False,0.42000000000000004,-0.17777777777777778,,
991,0.40985227865788976,B,2.7676635059016528,,0.16878404453934892,False,0.725,0.41111111111111115,,
992,0.4251670795134484,B,-3.3901992357826773,,-0.28534517829289896,False,0.73,0.4222222222222222,,
993,0.3450063824230047,B,-0.8306719954134423,,-0.09658551195306181,False,0.6950000000000001,0.34444444444444444,,
994,-0.1215237961024769,B,2.988998507641993,,0.18510702810400395,False,0.45,-0.12222222222222223,,
995,-0.38646063020552596,B,1.9831528794861182,,0.11092806170523364,False,0.305,-0.3888888888888889,,
996,-0.20814145074469922,B,-3.002242806512719,,-0.25673422038302035,False,0.4,-0.2111111111111111,,
997,0.9747547624514646,B,2.4739677566143348,,0.14712461041943498,False,0.9099999999999999,0.9777777777777779,,
998,-0.3598566838703919,B,-0.9507722333113926,,-0.1054426479410663,False,0.32,-0.35555555555555557,,
999,0.12122790277500405,B,5.284083427184884,,0.35436463818203234,True,0.5900000000000001,0.12222222222222223,,
